1.2013e+03	0.0000e+00	0.0000e+00
1.2010e+03	0.0000e+00	0.0000e+00
1.2007e+03	0.0000e+00	0.0000e+00
1.2005e+03	0.0000e+00	2.7279e-28
1.2002e+03	0.0000e+00	2.7119e-28
1.1999e+03	7.5394e-27	2.6958e-28
1.1996e+03	7.5790e-27	2.6772e-28
1.1993e+03	7.5141e-27	2.6572e-28
1.1991e+03	7.5113e-27	2.6383e-28
1.1988e+03	7.6582e-27	2.6263e-28
1.1985e+03	7.7707e-27	2.6143e-28
1.1982e+03	8.0789e-27	2.6023e-28
1.1979e+03	7.9175e-27	2.5903e-28
1.1977e+03	8.0023e-27	2.5771e-28
1.1974e+03	8.2063e-27	2.5571e-28
1.1971e+03	8.4500e-27	2.5371e-28
1.1968e+03	8.5400e-27	2.5146e-28
1.1965e+03	8.5453e-27	2.4907e-28
1.1963e+03	8.5040e-27	2.4684e-28
1.1960e+03	8.5476e-27	2.4564e-28
1.1957e+03	8.6744e-27	2.4445e-28
1.1954e+03	8.6475e-27	2.4400e-28
1.1951e+03	8.7532e-27	2.4400e-28
1.1949e+03	8.8546e-27	2.4395e-28
1.1946e+03	8.8111e-27	2.4356e-28
1.1943e+03	8.8389e-27	2.4316e-28
1.1940e+03	9.1515e-27	2.4228e-28
1.1938e+03	9.3125e-27	2.4109e-28
1.1935e+03	9.3920e-27	2.3990e-28
1.1932e+03	9.5171e-27	2.3871e-28
1.1929e+03	9.5819e-27	2.3752e-28
1.1926e+03	9.7511e-27	2.3767e-28
1.1924e+03	9.9889e-27	2.3886e-28
1.1921e+03	1.0100e-26	2.4005e-28
1.1918e+03	1.0158e-26	2.4123e-28
1.1915e+03	1.0386e-26	2.4242e-28
1.1913e+03	1.0700e-26	2.4340e-28
1.1910e+03	1.0700e-26	2.4420e-28
1.1907e+03	1.0700e-26	2.4499e-28
1.1904e+03	1.0791e-26	2.4500e-28
1.1902e+03	1.0800e-26	2.4500e-28
1.1899e+03	1.0875e-26	2.4518e-28
1.1896e+03	1.0967e-26	2.4557e-28
1.1893e+03	1.1059e-26	2.4597e-28
1.1890e+03	1.1151e-26	2.4744e-28
1.1888e+03	1.1328e-26	2.4902e-28
1.1885e+03	1.1466e-26	2.5059e-28
1.1882e+03	1.1426e-26	2.5216e-28
1.1879e+03	1.1482e-26	2.5374e-28
1.1877e+03	1.1400e-26	2.5367e-28
1.1874e+03	1.1397e-26	2.5328e-28
1.1871e+03	1.1214e-26	2.5277e-28
1.1868e+03	1.1454e-26	2.5199e-28
1.1866e+03	1.1424e-26	2.5120e-28
1.1863e+03	1.1536e-26	2.5158e-28
1.1860e+03	1.1837e-26	2.5237e-28
1.1857e+03	1.2152e-26	2.5322e-28
1.1855e+03	1.2342e-26	2.5440e-28
1.1852e+03	1.2467e-26	2.5557e-28
1.1849e+03	1.2575e-26	2.5550e-28
1.1847e+03	1.2565e-26	2.5472e-28
1.1844e+03	1.2915e-26	2.5387e-28
1.1841e+03	1.3097e-26	2.5231e-28
1.1838e+03	1.3010e-26	2.5075e-28
1.1836e+03	1.3081e-26	2.4939e-28
1.1833e+03	1.3172e-26	2.4822e-28
1.1830e+03	1.3263e-26	2.4705e-28
1.1827e+03	1.3408e-26	2.4737e-28
1.1825e+03	1.3545e-26	2.4776e-28
1.1822e+03	1.3636e-26	2.4785e-28
1.1819e+03	1.3727e-26	2.4746e-28
1.1816e+03	1.3835e-26	2.4707e-28
1.1814e+03	1.4008e-26	2.4636e-28
1.1811e+03	1.4099e-26	2.4558e-28
1.1808e+03	1.4458e-26	2.4451e-28
1.1806e+03	1.4741e-26	2.4257e-28
1.1803e+03	1.4871e-26	2.4063e-28
1.1800e+03	1.5023e-26	2.3974e-28
1.1797e+03	1.5204e-26	2.3935e-28
1.1795e+03	1.5342e-26	2.3908e-28
1.1792e+03	1.5433e-26	2.3985e-28
1.1789e+03	1.5546e-26	2.4063e-28
1.1787e+03	1.5673e-26	2.4080e-28
1.1784e+03	1.5504e-26	2.4041e-28
1.1781e+03	1.5594e-26	2.4003e-28
1.1778e+03	1.5769e-26	2.3964e-28
1.1776e+03	1.5949e-26	2.3925e-28
1.1773e+03	1.6194e-26	2.3900e-28
1.1770e+03	1.6409e-26	2.3900e-28
1.1768e+03	1.6500e-26	2.3900e-28
1.1765e+03	1.6639e-26	2.3988e-28
1.1762e+03	1.6974e-26	2.4103e-28
1.1760e+03	1.7215e-26	2.4206e-28
1.1757e+03	1.7300e-26	2.4245e-28
1.1754e+03	1.7300e-26	2.4283e-28
1.1751e+03	1.7216e-26	2.4300e-28
1.1749e+03	1.7274e-26	2.4300e-28
1.1746e+03	1.7491e-26	2.4300e-28
1.1743e+03	1.7654e-26	2.4337e-28
1.1741e+03	1.7829e-26	2.4376e-28
1.1738e+03	1.8066e-26	2.4442e-28
1.1735e+03	1.8267e-26	2.4557e-28
1.1733e+03	1.8559e-26	2.4672e-28
1.1730e+03	1.9005e-26	2.4875e-28
1.1727e+03	1.9363e-26	2.5105e-28
1.1725e+03	1.9560e-26	2.5306e-28
1.1722e+03	1.9739e-26	2.5344e-28
1.1719e+03	1.9859e-26	2.5382e-28
1.1717e+03	2.0093e-26	2.5379e-28
1.1714e+03	2.0375e-26	2.5341e-28
1.1711e+03	2.0553e-26	2.5303e-28
1.1709e+03	2.0716e-26	2.5441e-28
1.1706e+03	2.0815e-26	2.5594e-28
1.1703e+03	2.1082e-26	2.5735e-28
1.1701e+03	2.1349e-26	2.5850e-28
1.1698e+03	2.1616e-26	2.5964e-28
1.1695e+03	2.1761e-26	2.6026e-28
1.1693e+03	2.1850e-26	2.6064e-28
1.1690e+03	2.2016e-26	2.6102e-28
1.1687e+03	2.2310e-26	2.6140e-28
1.1685e+03	2.2649e-26	2.6178e-28
1.1682e+03	2.2910e-26	2.6200e-28
1.1679e+03	2.3088e-26	2.6200e-28
1.1677e+03	2.3182e-26	2.6200e-28
1.1674e+03	2.3413e-26	2.6230e-28
1.1671e+03	2.3619e-26	2.6268e-28
1.1669e+03	2.3845e-26	2.6319e-28
1.1666e+03	2.4000e-26	2.6433e-28
1.1663e+03	2.4025e-26	2.6547e-28
1.1661e+03	2.4114e-26	2.6540e-28
1.1658e+03	2.4208e-26	2.6426e-28
1.1655e+03	2.4562e-26	2.6312e-28
1.1653e+03	2.4836e-26	2.6233e-28
1.1650e+03	2.5168e-26	2.6157e-28
1.1647e+03	2.5355e-26	2.6138e-28
1.1645e+03	2.5617e-26	2.6289e-28
1.1642e+03	2.5932e-26	2.6440e-28
1.1639e+03	2.6079e-26	2.6500e-28
1.1637e+03	2.6415e-26	2.6500e-28
1.1634e+03	2.6592e-26	2.6500e-28
1.1631e+03	2.6935e-26	2.6464e-28
1.1629e+03	2.7000e-26	2.6426e-28
1.1626e+03	2.7238e-26	2.6389e-28
1.1624e+03	2.7495e-26	2.6351e-28
1.1621e+03	2.7741e-26	2.6313e-28
1.1618e+03	2.8046e-26	2.6300e-28
1.1616e+03	2.8222e-26	2.6300e-28
1.1613e+03	2.8397e-26	2.6300e-28
1.1610e+03	2.8745e-26	2.6374e-28
1.1608e+03	2.9022e-26	2.6449e-28
1.1605e+03	2.9223e-26	2.6536e-28
1.1603e+03	2.9447e-26	2.6649e-28
1.1600e+03	2.9746e-26	2.6761e-28
1.1597e+03	3.0120e-26	2.6849e-28
1.1595e+03	3.0546e-26	2.6924e-28
1.1592e+03	3.0895e-26	2.6999e-28
1.1589e+03	3.1158e-26	2.7111e-28
1.1587e+03	3.1567e-26	2.7223e-28
1.1584e+03	3.2004e-26	2.7347e-28
1.1582e+03	3.2440e-26	2.7497e-28
1.1579e+03	3.2841e-26	2.7646e-28
1.1576e+03	3.3189e-26	2.7748e-28
1.1574e+03	3.3528e-26	2.7822e-28
1.1571e+03	3.3790e-26	2.7897e-28
1.1568e+03	3.4051e-26	2.7900e-28
1.1566e+03	3.4382e-26	2.7900e-28
1.1563e+03	3.4673e-26	2.7931e-28
1.1561e+03	3.4889e-26	2.8043e-28
1.1558e+03	3.5094e-26	2.8155e-28
1.1555e+03	3.5336e-26	2.8310e-28
1.1553e+03	3.5520e-26	2.8496e-28
1.1550e+03	3.5867e-26	2.8682e-28
1.1548e+03	3.6214e-26	2.8835e-28
1.1545e+03	3.6430e-26	2.8983e-28
1.1542e+03	3.6707e-26	2.9132e-28
1.1540e+03	3.7015e-26	2.9280e-28
1.1537e+03	3.7300e-26	2.9429e-28
1.1535e+03	3.7623e-26	2.9519e-28
1.1532e+03	3.7796e-26	2.9556e-28
1.1529e+03	3.8138e-26	2.9593e-28
1.1527e+03	3.8696e-26	2.9661e-28
1.1524e+03	3.9129e-26	2.9735e-28
1.1522e+03	3.9518e-26	2.9818e-28
1.1519e+03	3.9979e-26	2.9965e-28
1.1517e+03	4.0465e-26	3.0113e-28
1.1514e+03	4.0814e-26	3.0231e-28
1.1511e+03	4.1331e-26	3.0304e-28
1.1509e+03	4.1773e-26	3.0378e-28
1.1506e+03	4.2082e-26	3.0426e-28
1.1504e+03	4.2387e-26	3.0463e-28
1.1501e+03	4.2797e-26	3.0500e-28
1.1498e+03	4.3275e-26	3.0610e-28
1.1496e+03	4.3629e-26	3.0720e-28
1.1493e+03	4.4144e-26	3.0852e-28
1.1491e+03	4.4659e-26	3.1036e-28
1.1488e+03	4.5112e-26	3.1219e-28
1.1486e+03	4.5396e-26	3.1383e-28
1.1483e+03	4.5670e-26	3.1530e-28
1.1480e+03	4.6039e-26	3.1677e-28
1.1478e+03	4.6216e-26	3.1854e-28
1.1475e+03	4.6473e-26	3.2038e-28
1.1473e+03	4.6883e-26	3.2213e-28
1.1470e+03	4.7124e-26	3.2323e-28
1.1468e+03	4.7438e-26	3.2433e-28
1.1465e+03	4.7932e-26	3.2571e-28
1.1462e+03	4.8493e-26	3.2754e-28
1.1460e+03	4.8924e-26	3.2937e-28
1.1457e+03	4.9436e-26	3.3168e-28
1.1455e+03	4.9874e-26	3.3424e-28
1.1452e+03	5.0180e-26	3.3680e-28
1.1450e+03	5.0617e-26	3.3902e-28
1.1447e+03	5.1183e-26	3.4121e-28
1.1445e+03	5.1710e-26	3.4334e-28
1.1442e+03	5.2306e-26	3.4516e-28
1.1439e+03	5.2902e-26	3.4698e-28
1.1437e+03	5.3497e-26	3.4897e-28
1.1434e+03	5.4148e-26	3.5116e-28
1.1432e+03	5.4746e-26	3.5334e-28
1.1429e+03	5.5256e-26	3.5603e-28
1.1427e+03	5.5776e-26	3.5895e-28
1.1424e+03	5.6371e-26	3.6186e-28
1.1422e+03	5.6803e-26	3.6373e-28
1.1419e+03	5.7096e-26	3.6555e-28
1.1416e+03	5.7451e-26	3.6729e-28
1.1414e+03	5.7910e-26	3.6874e-28
1.1411e+03	5.8437e-26	3.7019e-28
1.1409e+03	5.9021e-26	3.7181e-28
1.1406e+03	5.9445e-26	3.7362e-28
1.1404e+03	5.9867e-26	3.7543e-28
1.1401e+03	6.0290e-26	3.7675e-28
1.1399e+03	6.0798e-26	3.7783e-28
1.1396e+03	6.1443e-26	3.7892e-28
1.1394e+03	6.2157e-26	3.8101e-28
1.1391e+03	6.2579e-26	3.8318e-28
1.1389e+03	6.3241e-26	3.8523e-28
1.1386e+03	6.3722e-26	3.8668e-28
1.1384e+03	6.4339e-26	3.8812e-28
1.1381e+03	6.5097e-26	3.8957e-28
1.1378e+03	6.5820e-26	3.9101e-28
1.1376e+03	6.6408e-26	3.9245e-28
1.1373e+03	6.6913e-26	3.9412e-28
1.1371e+03	6.7417e-26	3.9592e-28
1.1368e+03	6.7761e-26	3.9772e-28
1.1366e+03	6.8088e-26	3.9952e-28
1.1363e+03	6.8486e-26	4.0132e-28
1.1361e+03	6.8794e-26	4.0310e-28
1.1358e+03	6.8711e-26	4.0453e-28
1.1356e+03	6.8847e-26	4.0597e-28
1.1353e+03	6.9071e-26	4.0751e-28
1.1351e+03	6.9487e-26	4.0931e-28
1.1348e+03	7.0098e-26	4.1110e-28
1.1346e+03	7.0767e-26	4.1289e-28
1.1343e+03	7.1437e-26	4.1469e-28
1.1341e+03	7.2258e-26	4.1648e-28
1.1338e+03	7.3212e-26	4.1827e-28
1.1336e+03	7.4215e-26	4.2006e-28
1.1333e+03	7.5218e-26	4.2185e-28
1.1331e+03	7.6190e-26	4.2430e-28
1.1328e+03	7.6941e-26	4.2680e-28
1.1326e+03	7.7768e-26	4.2922e-28
1.1323e+03	7.8361e-26	4.3100e-28
1.1321e+03	7.8905e-26	4.3279e-28
1.1318e+03	7.9569e-26	4.3481e-28
1.1316e+03	8.0392e-26	4.3731e-28
1.1313e+03	8.1141e-26	4.3980e-28
1.1311e+03	8.1736e-26	4.4193e-28
1.1308e+03	8.2199e-26	4.4371e-28
1.1306e+03	8.2786e-26	4.4549e-28
1.1303e+03	8.3508e-26	4.4727e-28
1.1301e+03	8.4191e-26	4.4905e-28
1.1298e+03	8.5021e-26	4.5083e-28
1.1296e+03	8.5550e-26	4.5229e-28
1.1293e+03	8.6222e-26	4.5371e-28
1.1291e+03	8.6927e-26	4.5513e-28
1.1288e+03	8.7662e-26	4.5655e-28
1.1286e+03	8.8546e-26	4.5797e-28
1.1283e+03	8.9126e-26	4.5939e-28
1.1281e+03	8.9994e-26	4.6081e-28
1.1278e+03	9.0904e-26	4.6223e-28
1.1276e+03	9.1776e-26	4.6364e-28
1.1273e+03	9.2623e-26	4.6506e-28
1.1271e+03	9.3534e-26	4.6648e-28
1.1268e+03	9.4525e-26	4.6879e-28
1.1266e+03	9.5108e-26	4.7162e-28
1.1263e+03	9.5805e-26	4.7445e-28
1.1261e+03	9.6597e-26	4.7671e-28
1.1259e+03	9.7308e-26	4.7882e-28
1.1256e+03	9.7885e-26	4.8094e-28
1.1254e+03	9.8942e-26	4.8237e-28
1.1251e+03	9.9700e-26	4.8379e-28
1.1249e+03	1.0045e-25	4.8534e-28
1.1246e+03	1.0127e-25	4.8781e-28
1.1244e+03	1.0209e-25	4.9028e-28
1.1241e+03	1.0291e-25	4.9274e-28
1.1239e+03	1.0447e-25	4.9521e-28
1.1236e+03	1.0556e-25	4.9767e-28
1.1234e+03	1.0600e-25	5.0030e-28
1.1231e+03	1.0620e-25	5.0311e-28
1.1229e+03	1.0702e-25	5.0592e-28
1.1226e+03	1.0784e-25	5.0851e-28
1.1224e+03	1.0866e-25	5.1097e-28
1.1222e+03	1.0948e-25	5.1343e-28
1.1219e+03	1.1029e-25	5.1615e-28
1.1217e+03	1.1111e-25	5.1896e-28
1.1214e+03	1.1193e-25	5.2176e-28
1.1212e+03	1.1275e-25	5.2521e-28
1.1209e+03	1.1413e-25	5.2871e-28
1.1207e+03	1.1538e-25	5.3227e-28
1.1204e+03	1.1620e-25	5.3682e-28
1.1202e+03	1.1702e-25	5.4137e-28
1.1200e+03	1.1783e-25	5.4563e-28
1.1197e+03	1.1865e-25	5.4878e-28
1.1195e+03	1.1946e-25	5.5192e-28
1.1192e+03	1.2028e-25	5.5471e-28
1.1190e+03	1.2109e-25	5.5680e-28
1.1187e+03	1.2190e-25	5.5890e-28
1.1185e+03	1.2272e-25	5.6214e-28
1.1182e+03	1.2353e-25	5.6667e-28
1.1180e+03	1.2434e-25	5.7120e-28
1.1178e+03	1.2516e-25	5.7594e-28
1.1175e+03	1.2597e-25	5.8081e-28
1.1173e+03	1.2756e-25	5.8568e-28
1.1170e+03	1.2859e-25	5.9004e-28
1.1168e+03	1.2940e-25	5.9422e-28
1.1165e+03	1.3021e-25	5.9839e-28
1.1163e+03	1.3105e-25	6.0226e-28
1.1160e+03	1.3267e-25	6.0608e-28
1.1158e+03	1.3364e-25	6.0989e-28
1.1156e+03	1.3491e-25	6.1438e-28
1.1153e+03	1.3626e-25	6.1889e-28
1.1151e+03	1.3714e-25	6.2358e-28
1.1148e+03	1.3876e-25	6.3016e-28
1.1146e+03	1.4037e-25	6.3674e-28
1.1144e+03	1.4149e-25	6.4311e-28
1.1141e+03	1.4260e-25	6.4864e-28
1.1139e+03	1.4411e-25	6.5418e-28
1.1136e+03	1.4492e-25	6.5949e-28
1.1134e+03	1.4644e-25	6.6433e-28
1.1131e+03	1.4753e-25	6.6917e-28
1.1129e+03	1.4833e-25	6.7400e-28
1.1127e+03	1.4914e-25	6.7883e-28
1.1124e+03	1.4994e-25	6.8366e-28
1.1122e+03	1.5075e-25	6.8937e-28
1.1119e+03	1.5155e-25	6.9592e-28
1.1117e+03	1.5236e-25	7.0247e-28
1.1115e+03	1.5332e-25	7.1006e-28
1.1112e+03	1.5492e-25	7.1832e-28
1.1110e+03	1.5576e-25	7.2658e-28
1.1107e+03	1.5713e-25	7.3410e-28
1.1105e+03	1.5837e-25	7.4132e-28
1.1102e+03	1.5917e-25	7.4854e-28
1.1100e+03	1.5997e-25	7.5520e-28
1.1098e+03	1.6155e-25	7.6172e-28
1.1095e+03	1.6257e-25	7.6824e-28
1.1093e+03	1.6337e-25	7.7567e-28
1.1090e+03	1.6417e-25	7.8321e-28
1.1088e+03	1.6497e-25	7.9075e-28
1.1086e+03	1.6577e-25	7.9961e-28
1.1083e+03	1.6657e-25	8.0851e-28
1.1081e+03	1.6737e-25	8.1742e-28
1.1078e+03	1.6834e-25	8.2666e-28
1.1076e+03	1.6993e-25	8.3589e-28
1.1074e+03	1.7076e-25	8.4508e-28
1.1071e+03	1.7268e-25	8.5396e-28
1.1069e+03	1.7436e-25	8.6284e-28
1.1067e+03	1.7531e-25	8.7192e-28
1.1064e+03	1.7690e-25	8.8181e-28
1.1062e+03	1.7849e-25	8.9170e-28
1.1059e+03	1.8008e-25	9.0168e-28
1.1057e+03	1.8134e-25	9.1190e-28
1.1055e+03	1.8226e-25	9.2212e-28
1.1052e+03	1.8385e-25	9.3255e-28
1.1050e+03	1.8472e-25	9.4344e-28
1.1047e+03	1.8551e-25	9.5433e-28
1.1045e+03	1.8631e-25	9.6534e-28
1.1043e+03	1.8700e-25	9.7656e-28
1.1040e+03	1.8700e-25	9.8777e-28
1.1038e+03	1.8769e-25	9.9943e-28
1.1036e+03	1.8800e-25	1.0116e-27
1.1033e+03	1.8800e-25	1.0239e-27
1.1031e+03	1.8800e-25	1.0351e-27
1.1028e+03	1.8800e-25	1.0452e-27
1.1026e+03	1.8864e-25	1.0554e-27
1.1024e+03	1.8900e-25	1.0674e-27
1.1021e+03	1.8922e-25	1.0810e-27
1.1019e+03	1.9002e-25	1.0945e-27
1.1017e+03	1.9160e-25	1.1060e-27
1.1014e+03	1.9318e-25	1.1162e-27
1.1012e+03	1.9438e-25	1.1263e-27
1.1009e+03	1.9533e-25	1.1386e-27
1.1007e+03	1.9691e-25	1.1521e-27
1.1005e+03	1.9849e-25	1.1656e-27
1.1002e+03	2.0059e-25	1.1791e-27
1.1000e+03	2.0263e-25	1.1926e-27
1.0998e+03	2.0421e-25	1.2061e-27
1.0995e+03	2.0578e-25	1.2195e-27
1.0993e+03	2.0735e-25	1.2330e-27
1.0991e+03	2.0892e-25	1.2465e-27
1.0988e+03	2.1049e-25	1.2599e-27
1.0986e+03	2.1203e-25	1.2734e-27
1.0984e+03	2.1282e-25	1.2868e-27
1.0981e+03	2.1360e-25	1.3003e-27
1.0979e+03	2.1477e-25	1.3137e-27
1.0976e+03	2.1617e-25	1.3272e-27
1.0974e+03	2.1695e-25	1.3432e-27
1.0972e+03	2.1847e-25	1.3600e-27
1.0969e+03	2.1952e-25	1.3768e-27
1.0967e+03	2.2030e-25	1.3935e-27
1.0965e+03	2.2108e-25	1.4103e-27
1.0962e+03	2.2186e-25	1.4270e-27
1.0960e+03	2.2329e-25	1.4410e-27
1.0958e+03	2.2442e-25	1.4544e-27
1.0955e+03	2.2541e-25	1.4678e-27
1.0953e+03	2.2697e-25	1.4840e-27
1.0951e+03	2.2853e-25	1.5007e-27
1.0948e+03	2.3063e-25	1.5174e-27
1.0946e+03	2.3265e-25	1.5341e-27
1.0944e+03	2.3421e-25	1.5508e-27
1.0941e+03	2.3576e-25	1.5675e-27
1.0939e+03	2.3798e-25	1.5870e-27
1.0937e+03	2.4031e-25	1.6070e-27
1.0934e+03	2.4221e-25	1.6270e-27
1.0932e+03	2.4299e-25	1.6441e-27
1.0930e+03	2.4531e-25	1.6608e-27
1.0927e+03	2.4709e-25	1.6774e-27
1.0925e+03	2.4864e-25	1.6940e-27
1.0923e+03	2.5020e-25	1.7107e-27
1.0920e+03	2.5175e-25	1.7273e-27
1.0918e+03	2.5330e-25	1.7467e-27
1.0916e+03	2.5485e-25	1.7666e-27
1.0913e+03	2.5620e-25	1.7865e-27
1.0911e+03	2.5697e-25	1.8064e-27
1.0909e+03	2.5849e-25	1.8263e-27
1.0906e+03	2.6004e-25	1.8462e-27
1.0904e+03	2.6100e-25	1.8661e-27
1.0902e+03	2.6113e-25	1.8860e-27
1.0899e+03	2.6268e-25	1.9059e-27
1.0897e+03	2.6422e-25	1.9257e-27
1.0895e+03	2.6538e-25	1.9456e-27
1.0893e+03	2.6646e-25	1.9654e-27
1.0890e+03	2.6878e-25	1.9878e-27
1.0888e+03	2.7039e-25	2.0109e-27
1.0886e+03	2.7193e-25	2.0340e-27
1.0883e+03	2.7348e-25	2.0547e-27
1.0881e+03	2.7502e-25	2.0745e-27
1.0879e+03	2.7733e-25	2.0943e-27
1.0876e+03	2.7909e-25	2.1187e-27
1.0874e+03	2.8095e-25	2.1451e-27
1.0872e+03	2.8317e-25	2.1715e-27
1.0869e+03	2.8471e-25	2.1956e-27
1.0867e+03	2.8624e-25	2.2186e-27
1.0865e+03	2.8778e-25	2.2417e-27
1.0863e+03	2.8931e-25	2.2668e-27
1.0860e+03	2.9085e-25	2.2931e-27
1.0858e+03	2.9238e-25	2.3194e-27
1.0856e+03	2.9346e-25	2.3456e-27
1.0853e+03	2.9400e-25	2.3719e-27
1.0851e+03	2.9400e-25	2.3982e-27
1.0849e+03	2.9400e-25	2.4262e-27
1.0846e+03	2.9400e-25	2.4557e-27
1.0844e+03	2.9400e-25	2.4852e-27
1.0842e+03	2.9400e-25	2.5131e-27
1.0840e+03	2.9400e-25	2.5393e-27
1.0837e+03	2.9515e-25	2.5655e-27
1.0835e+03	2.9634e-25	2.5931e-27
1.0833e+03	2.9710e-25	2.6225e-27
1.0830e+03	2.9787e-25	2.6519e-27
1.0828e+03	2.9926e-25	2.6826e-27
1.0826e+03	3.0078e-25	2.7153e-27
1.0824e+03	3.0230e-25	2.7479e-27
1.0821e+03	3.0383e-25	2.7795e-27
1.0819e+03	3.0535e-25	2.8089e-27
1.0817e+03	3.0687e-25	2.8382e-27
1.0814e+03	3.0839e-25	2.8684e-27
1.0812e+03	3.0991e-25	2.9010e-27
1.0810e+03	3.1143e-25	2.9336e-27
1.0808e+03	3.1248e-25	2.9661e-27
1.0805e+03	3.1347e-25	2.9987e-27
1.0803e+03	3.1499e-25	3.0312e-27
1.0801e+03	3.1575e-25	3.0641e-27
1.0798e+03	3.1702e-25	3.0998e-27
1.0796e+03	3.1827e-25	3.1356e-27
1.0794e+03	3.1905e-25	3.1713e-27
1.0792e+03	3.2057e-25	3.2070e-27
1.0789e+03	3.2154e-25	3.2427e-27
1.0787e+03	3.2230e-25	3.2784e-27
1.0785e+03	3.2311e-25	3.3109e-27
1.0783e+03	3.2462e-25	3.3433e-27
1.0780e+03	3.2557e-25	3.3757e-27
1.0778e+03	3.2664e-25	3.4109e-27
1.0776e+03	3.2808e-25	3.4465e-27
1.0774e+03	3.2883e-25	3.4821e-27
1.0771e+03	3.3017e-25	3.5202e-27
1.0769e+03	3.3134e-25	3.5590e-27
1.0767e+03	3.3219e-25	3.5977e-27
1.0764e+03	3.3370e-25	3.6343e-27
1.0762e+03	3.3460e-25	3.6698e-27
1.0760e+03	3.3571e-25	3.7053e-27
1.0758e+03	3.3711e-25	3.7427e-27
1.0755e+03	3.3786e-25	3.7814e-27
1.0753e+03	3.3861e-25	3.8200e-27
1.0751e+03	3.3900e-25	3.8603e-27
1.0749e+03	3.3900e-25	3.9021e-27
1.0746e+03	3.3900e-25	3.9440e-27
1.0744e+03	3.3900e-25	3.9858e-27
1.0742e+03	3.3937e-25	4.0276e-27
1.0740e+03	3.4000e-25	4.0694e-27
1.0737e+03	3.4000e-25	4.1112e-27
1.0735e+03	3.4062e-25	4.1529e-27
1.0733e+03	3.4173e-25	4.1947e-27
1.0731e+03	3.4311e-25	4.2369e-27
1.0728e+03	3.4386e-25	4.2818e-27
1.0726e+03	3.4522e-25	4.3267e-27
1.0724e+03	3.4636e-25	4.3716e-27
1.0722e+03	3.4711e-25	4.4164e-27
1.0719e+03	3.4785e-25	4.4613e-27
1.0717e+03	3.4860e-25	4.5061e-27
1.0715e+03	3.4900e-25	4.5538e-27
1.0713e+03	3.4909e-25	4.6018e-27
1.0710e+03	3.4984e-25	4.6497e-27
1.0708e+03	3.4941e-25	4.6977e-27
1.0706e+03	3.4933e-25	4.7456e-27
1.0704e+03	3.5008e-25	4.7935e-27
1.0702e+03	3.5082e-25	4.8435e-27
1.0699e+03	3.5157e-25	4.8945e-27
1.0697e+03	3.5200e-25	4.9456e-27
1.0695e+03	3.5200e-25	4.9966e-27
1.0693e+03	3.5200e-25	5.0475e-27
1.0690e+03	3.5200e-25	5.0985e-27
1.0688e+03	3.5200e-25	5.1495e-27
1.0686e+03	3.5197e-25	5.2004e-27
1.0684e+03	3.5123e-25	5.2513e-27
1.0681e+03	3.5151e-25	5.3029e-27
1.0679e+03	3.5200e-25	5.3570e-27
1.0677e+03	3.5200e-25	5.4110e-27
1.0675e+03	3.5347e-25	5.4653e-27
1.0673e+03	3.5448e-25	5.5224e-27
1.0670e+03	3.5522e-25	5.5795e-27
1.0668e+03	3.5596e-25	5.6366e-27
1.0666e+03	3.5670e-25	5.6967e-27
1.0664e+03	3.5700e-25	5.7569e-27
1.0661e+03	3.5717e-25	5.8171e-27
1.0659e+03	3.5791e-25	5.8798e-27
1.0657e+03	3.5865e-25	5.9431e-27
1.0655e+03	3.5861e-25	6.0064e-27
1.0653e+03	3.5787e-25	6.0696e-27
1.0650e+03	3.5713e-25	6.1328e-27
1.0648e+03	3.5700e-25	6.1960e-27
1.0646e+03	3.5666e-25	6.2592e-27
1.0644e+03	3.5608e-25	6.3224e-27
1.0642e+03	3.5681e-25	6.3855e-27
1.0639e+03	3.5810e-25	6.4505e-27
1.0637e+03	3.5957e-25	6.5199e-27
1.0635e+03	3.6100e-25	6.5892e-27
1.0633e+03	3.6100e-25	6.6589e-27
1.0631e+03	3.6051e-25	6.7314e-27
1.0628e+03	3.6023e-25	6.8038e-27
1.0626e+03	3.6096e-25	6.8762e-27
1.0624e+03	3.6030e-25	6.9485e-27
1.0622e+03	3.6043e-25	7.0208e-27
1.0620e+03	3.6100e-25	7.0931e-27
1.0617e+03	3.6100e-25	7.1654e-27
1.0615e+03	3.6163e-25	7.2376e-27
1.0613e+03	3.6236e-25	7.3098e-27
1.0611e+03	3.6300e-25	7.3912e-27
1.0609e+03	3.6300e-25	7.4790e-27
1.0606e+03	3.6356e-25	7.5668e-27
1.0604e+03	3.6458e-25	7.6533e-27
1.0602e+03	3.6608e-25	7.7379e-27
1.0600e+03	3.6900e-25	7.8224e-27
1.0598e+03	3.7048e-25	7.9107e-27
1.0595e+03	3.7121e-25	8.0140e-27
1.0593e+03	3.7194e-25	8.1172e-27
1.0591e+03	3.7334e-25	8.2203e-27
1.0589e+03	3.7400e-25	8.3047e-27
1.0587e+03	3.7400e-25	8.3890e-27
1.0584e+03	3.7400e-25	8.4733e-27
1.0582e+03	3.7517e-25	8.5701e-27
1.0580e+03	3.7662e-25	8.6700e-27
1.0578e+03	3.7804e-25	8.7698e-27
1.0576e+03	3.7877e-25	8.8639e-27
1.0574e+03	3.7999e-25	8.9543e-27
1.0571e+03	3.8144e-25	9.0446e-27
1.0569e+03	3.8290e-25	9.1434e-27
1.0567e+03	3.8502e-25	9.2554e-27
1.0565e+03	3.8680e-25	9.3674e-27
1.0563e+03	3.8838e-25	9.4788e-27
1.0560e+03	3.9055e-25	9.5876e-27
1.0558e+03	3.9273e-25	9.6963e-27
1.0556e+03	3.9460e-25	9.8050e-27
1.0554e+03	3.9605e-25	9.8959e-27
1.0552e+03	3.9750e-25	9.9859e-27
1.0550e+03	3.9895e-25	1.0076e-26
1.0547e+03	4.0078e-25	1.0168e-26
1.0545e+03	4.0368e-25	1.0261e-26
1.0543e+03	4.0593e-25	1.0354e-26
1.0541e+03	4.0846e-25	1.0447e-26
1.0539e+03	4.1135e-25	1.0540e-26
1.0537e+03	4.1424e-25	1.0633e-26
1.0534e+03	4.1659e-25	1.0708e-26
1.0532e+03	4.1926e-25	1.0739e-26
1.0530e+03	4.2287e-25	1.0770e-26
1.0528e+03	4.2508e-25	1.0802e-26
1.0526e+03	4.2724e-25	1.0864e-26
1.0524e+03	4.2941e-25	1.0926e-26
1.0521e+03	4.3156e-25	1.0988e-26
1.0519e+03	4.3372e-25	1.1049e-26
1.0517e+03	4.3529e-25	1.1111e-26
1.0515e+03	4.3604e-25	1.1173e-26
1.0513e+03	4.3820e-25	1.1217e-26
1.0511e+03	4.4035e-25	1.1248e-26
1.0508e+03	4.4234e-25	1.1279e-26
1.0506e+03	4.4377e-25	1.1309e-26
1.0504e+03	4.4642e-25	1.1340e-26
1.0502e+03	4.4928e-25	1.1371e-26
1.0500e+03	4.5215e-25	1.1409e-26
1.0498e+03	4.5502e-25	1.1570e-26
1.0496e+03	4.5789e-25	1.1710e-26
1.0493e+03	4.6075e-25	1.1764e-26
1.0491e+03	4.6361e-25	1.1782e-26
1.0489e+03	4.6586e-25	1.1729e-26
1.0487e+03	4.6834e-25	1.1675e-26
1.0485e+03	4.7120e-25	1.1621e-26
1.0483e+03	4.7405e-25	1.1600e-26
1.0481e+03	4.7739e-25	1.1600e-26
1.0478e+03	4.8096e-25	1.1600e-26
1.0476e+03	4.8453e-25	1.1600e-26
1.0474e+03	4.8810e-25	1.1600e-26
1.0472e+03	4.9199e-25	1.1600e-26
1.0470e+03	4.9627e-25	1.1814e-26
1.0468e+03	5.0055e-25	1.2014e-26
1.0466e+03	5.0529e-25	1.2121e-26
1.0463e+03	5.1009e-25	1.2214e-26
1.0461e+03	5.1436e-25	1.2267e-26
1.0459e+03	5.1682e-25	1.2361e-26
1.0457e+03	5.1958e-25	1.2521e-26
1.0455e+03	5.2314e-25	1.2654e-26
1.0453e+03	5.2669e-25	1.2761e-26
1.0451e+03	5.2979e-25	1.2935e-26
1.0449e+03	5.3263e-25	1.3148e-26
1.0446e+03	5.3547e-25	1.3401e-26
1.0444e+03	5.3889e-25	1.3667e-26
1.0442e+03	5.4215e-25	1.3933e-26
1.0440e+03	5.4498e-25	1.4198e-26
1.0438e+03	5.4922e-25	1.4464e-26
1.0436e+03	5.5347e-25	1.4741e-26
1.0434e+03	5.5748e-25	1.5113e-26
1.0432e+03	5.6031e-25	1.5473e-26
1.0429e+03	5.6368e-25	1.5791e-26
1.0427e+03	5.6721e-25	1.6036e-26
1.0425e+03	5.7075e-25	1.6142e-26
1.0423e+03	5.7494e-25	1.6176e-26
1.0421e+03	5.7881e-25	1.6123e-26
1.0419e+03	5.8234e-25	1.6100e-26
1.0417e+03	5.8587e-25	1.6100e-26
1.0415e+03	5.8988e-25	1.6172e-26
1.0412e+03	5.9429e-25	1.6278e-26
1.0410e+03	5.9922e-25	1.6592e-26
1.0408e+03	6.0416e-25	1.6962e-26
1.0406e+03	6.0879e-25	1.7473e-26
1.0404e+03	6.1301e-25	1.8002e-26
1.0402e+03	6.1794e-25	1.8582e-26
1.0400e+03	6.2245e-25	1.9168e-26
1.0398e+03	6.2678e-25	1.9801e-26
1.0396e+03	6.3170e-25	2.0389e-26
1.0393e+03	6.3610e-25	2.0810e-26
1.0391e+03	6.4054e-25	2.1166e-26
1.0389e+03	6.4545e-25	2.1376e-26
1.0387e+03	6.4974e-25	2.1565e-26
1.0385e+03	6.5330e-25	2.1723e-26
1.0383e+03	6.5615e-25	2.2069e-26
1.0381e+03	6.6036e-25	2.2595e-26
1.0379e+03	6.6456e-25	2.3377e-26
1.0377e+03	6.6876e-25	2.4322e-26
1.0375e+03	6.7296e-25	2.5267e-26
1.0372e+03	6.7769e-25	2.6211e-26
1.0370e+03	6.8236e-25	2.7114e-26
1.0368e+03	6.8655e-25	2.8005e-26
1.0366e+03	6.9012e-25	2.8709e-26
1.0364e+03	6.9361e-25	2.9390e-26
1.0362e+03	6.9708e-25	2.9916e-26
1.0360e+03	6.9988e-25	3.0432e-26
1.0358e+03	7.0392e-25	3.0850e-26
1.0356e+03	7.0869e-25	3.1251e-26
1.0354e+03	7.1287e-25	3.1565e-26
1.0351e+03	7.1654e-25	3.1958e-26
1.0349e+03	7.2023e-25	3.2584e-26
1.0347e+03	7.2441e-25	3.3246e-26
1.0345e+03	7.2918e-25	3.3977e-26
1.0343e+03	7.3434e-25	3.4840e-26
1.0341e+03	7.3991e-25	3.5883e-26
1.0339e+03	7.4410e-25	3.6847e-26
1.0337e+03	7.4827e-25	3.7733e-26
1.0335e+03	7.5251e-25	3.8435e-26
1.0333e+03	7.5737e-25	3.9008e-26
1.0331e+03	7.6131e-25	3.9615e-26
1.0329e+03	7.6478e-25	4.0240e-26
1.0326e+03	7.6824e-25	4.0748e-26
1.0324e+03	7.7171e-25	4.1216e-26
1.0322e+03	7.7471e-25	4.1726e-26
1.0320e+03	7.7678e-25	4.2246e-26
1.0318e+03	7.7886e-25	4.2626e-26
1.0316e+03	7.8125e-25	4.2989e-26
1.0314e+03	7.8401e-25	4.3453e-26
1.0312e+03	7.8539e-25	4.3930e-26
1.0310e+03	7.8716e-25	4.4656e-26
1.0308e+03	7.8916e-25	4.5388e-26
1.0306e+03	7.9054e-25	4.6165e-26
1.0304e+03	7.9192e-25	4.6970e-26
1.0302e+03	7.9315e-25	4.7901e-26
1.0299e+03	7.9384e-25	4.8768e-26
1.0297e+03	7.9400e-25	4.9441e-26
1.0295e+03	7.9378e-25	5.0047e-26
1.0293e+03	7.9309e-25	5.0512e-26
1.0291e+03	7.9240e-25	5.0997e-26
1.0289e+03	7.9172e-25	5.1513e-26
1.0287e+03	7.9103e-25	5.2007e-26
1.0285e+03	7.8968e-25	5.2471e-26
1.0283e+03	7.8865e-25	5.2987e-26
1.0281e+03	7.8800e-25	5.3554e-26
1.0279e+03	7.8800e-25	5.4180e-26
1.0277e+03	7.8677e-25	5.4849e-26
1.0275e+03	7.8471e-25	5.5615e-26
1.0273e+03	7.8265e-25	5.6439e-26
1.0271e+03	7.8106e-25	5.7297e-26
1.0269e+03	7.7985e-25	5.8172e-26
1.0266e+03	7.7916e-25	5.8818e-26
1.0264e+03	7.7743e-25	5.9383e-26
1.0262e+03	7.7558e-25	5.9948e-26
1.0260e+03	7.7421e-25	6.0513e-26
1.0258e+03	7.7226e-25	6.0904e-26
1.0256e+03	7.6995e-25	6.1263e-26
1.0254e+03	7.6721e-25	6.1806e-26
1.0252e+03	7.6448e-25	6.2370e-26
1.0250e+03	7.6143e-25	6.3176e-26
1.0248e+03	7.5802e-25	6.3996e-26
1.0246e+03	7.5596e-25	6.4764e-26
1.0244e+03	7.5319e-25	6.5528e-26
1.0242e+03	7.4987e-25	6.6193e-26
1.0240e+03	7.4782e-25	6.6862e-26
1.0238e+03	7.4578e-25	6.7578e-26
1.0236e+03	7.4382e-25	6.8267e-26
1.0234e+03	7.4246e-25	6.8778e-26
1.0232e+03	7.4110e-25	6.9279e-26
1.0230e+03	7.3947e-25	6.9739e-26
1.0228e+03	7.3675e-25	7.0165e-26
1.0226e+03	7.3452e-25	7.0471e-26
1.0223e+03	7.3214e-25	7.0854e-26
1.0221e+03	7.2875e-25	7.1466e-26
1.0219e+03	7.2588e-25	7.2033e-26
1.0217e+03	7.2337e-25	7.2491e-26
1.0215e+03	7.2134e-25	7.2933e-26
1.0213e+03	7.1817e-25	7.3340e-26
1.0211e+03	7.1502e-25	7.3673e-26
1.0209e+03	7.1231e-25	7.3877e-26
1.0207e+03	7.0960e-25	7.4120e-26
1.0205e+03	7.0717e-25	7.4425e-26
1.0203e+03	7.0514e-25	7.4837e-26
1.0201e+03	7.0311e-25	7.5395e-26
1.0199e+03	7.0108e-25	7.6000e-26
1.0197e+03	6.9905e-25	7.6659e-26
1.0195e+03	6.9570e-25	7.7245e-26
1.0193e+03	6.9333e-25	7.7751e-26
1.0191e+03	6.9194e-25	7.8181e-26
1.0189e+03	6.8789e-25	7.8535e-26
1.0187e+03	6.8384e-25	7.8889e-26
1.0185e+03	6.7982e-25	7.9243e-26
1.0183e+03	6.7645e-25	7.9654e-26
1.0181e+03	6.7270e-25	8.0109e-26
1.0179e+03	6.6866e-25	8.0476e-26
1.0177e+03	6.6461e-25	8.0779e-26
1.0175e+03	6.6017e-25	8.1052e-26
1.0173e+03	6.5554e-25	8.1304e-26
1.0171e+03	6.5150e-25	8.1681e-26
1.0169e+03	6.4746e-25	8.2135e-26
1.0167e+03	6.4334e-25	8.2653e-26
1.0165e+03	6.3863e-25	8.3208e-26
1.0163e+03	6.3481e-25	8.3597e-26
1.0161e+03	6.3123e-25	8.3899e-26
1.0159e+03	6.2653e-25	8.3933e-26
1.0157e+03	6.2274e-25	8.3832e-26
1.0155e+03	6.1927e-25	8.3766e-26
1.0153e+03	6.1524e-25	8.3716e-26
1.0151e+03	6.1122e-25	8.3804e-26
1.0149e+03	6.0720e-25	8.3955e-26
1.0147e+03	6.0319e-25	8.4211e-26
1.0145e+03	5.9917e-25	8.4512e-26
1.0143e+03	5.9488e-25	8.4671e-26
1.0141e+03	5.8953e-25	8.4771e-26
1.0139e+03	5.8561e-25	8.4800e-26
1.0137e+03	5.8212e-25	8.4800e-26
1.0135e+03	5.7812e-25	8.4872e-26
1.0133e+03	5.7411e-25	8.4972e-26
1.0131e+03	5.6981e-25	8.5036e-26
1.0129e+03	5.6447e-25	8.5086e-26
1.0127e+03	5.6058e-25	8.5209e-26
1.0125e+03	5.5725e-25	8.5359e-26
1.0123e+03	5.5392e-25	8.5545e-26
1.0121e+03	5.5107e-25	8.5745e-26
1.0119e+03	5.4796e-25	8.6053e-26
1.0117e+03	5.4330e-25	8.6402e-26
1.0115e+03	5.3960e-25	8.6823e-26
1.0113e+03	5.3628e-25	8.7272e-26
1.0111e+03	5.3295e-25	8.7578e-26
1.0109e+03	5.2963e-25	8.7828e-26
1.0107e+03	5.2617e-25	8.8041e-26
1.0105e+03	5.2219e-25	8.8241e-26
1.0103e+03	5.1821e-25	8.8440e-26
1.0101e+03	5.1423e-25	8.8639e-26
1.0099e+03	5.1025e-25	8.9113e-26
1.0097e+03	5.0581e-25	8.9710e-26
1.0095e+03	5.0153e-25	9.0408e-26
1.0093e+03	4.9888e-25	9.1153e-26
1.0091e+03	4.9534e-25	9.1998e-26
1.0089e+03	4.9137e-25	9.2891e-26
1.0087e+03	4.8740e-25	9.3752e-26
1.0085e+03	4.8301e-25	9.4595e-26
1.0083e+03	4.7847e-25	9.5343e-26
1.0081e+03	4.7450e-25	9.6037e-26
1.0079e+03	4.7177e-25	9.6423e-26
1.0077e+03	4.6958e-25	9.6621e-26
1.0075e+03	4.6561e-25	9.6789e-26
1.0073e+03	4.6205e-25	9.6938e-26
1.0071e+03	4.5875e-25	9.7144e-26
1.0069e+03	4.5545e-25	9.7391e-26
1.0067e+03	4.5216e-25	9.7694e-26
1.0065e+03	4.4886e-25	9.8039e-26
1.0063e+03	4.4557e-25	9.8332e-26
1.0061e+03	4.4228e-25	9.8579e-26
1.0059e+03	4.3899e-25	9.8927e-26
1.0057e+03	4.3702e-25	9.9371e-26
1.0055e+03	4.3505e-25	9.9695e-26
1.0053e+03	4.3307e-25	9.9893e-26
1.0051e+03	4.3110e-25	1.0022e-25
1.0049e+03	4.2856e-25	1.0072e-25
1.0047e+03	4.2527e-25	1.0121e-25
1.0045e+03	4.2440e-25	1.0170e-25
1.0043e+03	4.2323e-25	1.0200e-25
1.0041e+03	4.2126e-25	1.0200e-25
1.0039e+03	4.1986e-25	1.0182e-25
1.0037e+03	4.1855e-25	1.0133e-25
1.0035e+03	4.1724e-25	1.0100e-25
1.0033e+03	4.1593e-25	1.0100e-25
1.0031e+03	4.1462e-25	1.0114e-25
1.0029e+03	4.1332e-25	1.0163e-25
1.0028e+03	4.1102e-25	1.0212e-25
1.0026e+03	4.0885e-25	1.0261e-25
1.0024e+03	4.0820e-25	1.0320e-25
1.0022e+03	4.0754e-25	1.0418e-25
1.0020e+03	4.0678e-25	1.0508e-25
1.0018e+03	4.0548e-25	1.0557e-25
1.0016e+03	4.0459e-25	1.0606e-25
1.0014e+03	4.0393e-25	1.0655e-25
1.0012e+03	4.0328e-25	1.0704e-25
1.0010e+03	4.0226e-25	1.0753e-25
1.0008e+03	4.0098e-25	1.0800e-25
1.0006e+03	4.0033e-25	1.0800e-25
1.0004e+03	3.9935e-25	1.0800e-25
1.0002e+03	3.9805e-25	1.0848e-25
1.0000e+03	3.9675e-25	1.0897e-25
9.9982e+02	3.9600e-25	1.0946e-25
9.9962e+02	3.9600e-25	1.0994e-25
9.9943e+02	3.9485e-25	1.1086e-25
9.9923e+02	3.9355e-25	1.1183e-25
9.9904e+02	3.9226e-25	1.1321e-25
9.9884e+02	3.9148e-25	1.1467e-25
9.9865e+02	3.9083e-25	1.1575e-25
9.9845e+02	3.9018e-25	1.1673e-25
9.9826e+02	3.9000e-25	1.1805e-25
9.9807e+02	3.8977e-25	1.1951e-25
9.9787e+02	3.8848e-25	1.2064e-25
9.9768e+02	3.8800e-25	1.2161e-25
9.9748e+02	3.8789e-25	1.2258e-25
9.9729e+02	3.8659e-25	1.2355e-25
9.9710e+02	3.8600e-25	1.2426e-25
9.9690e+02	3.8600e-25	1.2475e-25
9.9671e+02	3.8600e-25	1.2569e-25
9.9651e+02	3.8600e-25	1.2715e-25
9.9632e+02	3.8600e-25	1.2840e-25
9.9613e+02	3.8542e-25	1.2937e-25
9.9593e+02	3.8522e-25	1.3067e-25
9.9574e+02	3.8587e-25	1.3261e-25
9.9555e+02	3.8651e-25	1.3440e-25
9.9535e+02	3.8684e-25	1.3585e-25
9.9516e+02	3.8620e-25	1.3730e-25
9.9497e+02	3.8600e-25	1.3875e-25
9.9477e+02	3.8600e-25	1.4013e-25
9.9458e+02	3.8600e-25	1.4110e-25
9.9439e+02	3.8638e-25	1.4206e-25
9.9419e+02	3.8702e-25	1.4303e-25
9.9400e+02	3.8766e-25	1.4399e-25
9.9381e+02	3.8830e-25	1.4495e-25
9.9362e+02	3.8894e-25	1.4592e-25
9.9342e+02	3.8900e-25	1.4776e-25
9.9323e+02	3.8923e-25	1.4968e-25
9.9304e+02	3.8987e-25	1.5161e-25
9.9285e+02	3.9102e-25	1.5353e-25
9.9265e+02	3.9215e-25	1.5582e-25
9.9246e+02	3.9279e-25	1.5822e-25
9.9227e+02	3.9343e-25	1.6030e-25
9.9208e+02	3.9407e-25	1.6222e-25
9.9189e+02	3.9471e-25	1.6442e-25
9.9169e+02	3.9535e-25	1.6682e-25
9.9150e+02	3.9599e-25	1.6897e-25
9.9131e+02	3.9663e-25	1.7089e-25
9.9112e+02	3.9754e-25	1.7281e-25
9.9093e+02	3.9882e-25	1.7472e-25
9.9074e+02	4.0009e-25	1.7680e-25
9.9054e+02	4.0118e-25	1.7919e-25
9.9035e+02	4.0182e-25	1.8170e-25
9.9016e+02	4.0430e-25	1.8457e-25
9.8997e+02	4.0729e-25	1.8744e-25
9.8978e+02	4.0920e-25	1.9030e-25
9.8959e+02	4.1186e-25	1.9317e-25
9.8940e+02	4.1503e-25	1.9603e-25
9.8921e+02	4.1758e-25	1.9890e-25
9.8902e+02	4.2040e-25	2.0268e-25
9.8883e+02	4.2358e-25	2.0650e-25
9.8863e+02	4.2676e-25	2.0990e-25
9.8844e+02	4.3050e-25	2.1323e-25
9.8825e+02	4.3558e-25	2.1767e-25
9.8806e+02	4.4066e-25	2.2243e-25
9.8787e+02	4.4573e-25	2.2719e-25
9.8768e+02	4.5081e-25	2.3195e-25
9.8749e+02	4.5660e-25	2.3697e-25
9.8730e+02	4.6294e-25	2.4220e-25
9.8711e+02	4.7054e-25	2.4809e-25
9.8692e+02	4.7866e-25	2.5475e-25
9.8673e+02	4.8753e-25	2.6208e-25
9.8654e+02	4.9797e-25	2.7062e-25
9.8635e+02	5.0889e-25	2.7941e-25
9.8616e+02	5.2027e-25	2.8889e-25
9.8597e+02	5.3293e-25	2.9872e-25
9.8578e+02	5.4637e-25	3.1057e-25
9.8559e+02	5.6153e-25	3.2248e-25
9.8540e+02	5.7797e-25	3.3622e-25
9.8521e+02	5.9564e-25	3.4995e-25
9.8503e+02	6.1448e-25	3.6323e-25
9.8484e+02	6.3468e-25	3.7648e-25
9.8465e+02	6.5738e-25	3.8934e-25
9.8446e+02	6.8196e-25	4.0210e-25
9.8427e+02	7.0779e-25	4.1453e-25
9.8408e+02	7.3676e-25	4.2681e-25
9.8389e+02	7.6790e-25	4.3854e-25
9.8370e+02	8.0063e-25	4.4987e-25
9.8351e+02	8.3707e-25	4.6141e-25
9.8332e+02	8.7505e-25	4.7320e-25
9.8314e+02	9.1528e-25	4.8767e-25
9.8295e+02	9.5905e-25	5.2538e-25
9.8276e+02	1.0043e-24	5.8751e-25
9.8257e+02	1.0520e-24	6.3773e-25
9.8238e+02	1.1052e-24	6.9904e-25
9.8219e+02	1.1622e-24	7.5649e-25
9.8201e+02	1.2375e-24	8.1658e-25
9.8182e+02	1.3100e-24	8.8200e-25
9.8163e+02	1.3789e-24	9.4594e-25
9.8144e+02	1.4584e-24	1.0126e-24
9.8125e+02	1.5367e-24	1.0952e-24
9.8107e+02	1.6056e-24	1.1756e-24
9.8088e+02	1.6906e-24	1.2504e-24
9.8069e+02	1.7835e-24	1.3258e-24
9.8050e+02	1.8585e-24	1.4154e-24
9.8032e+02	1.9335e-24	1.4979e-24
9.8013e+02	2.0085e-24	1.5904e-24
9.7994e+02	2.0729e-24	1.6757e-24
9.7975e+02	2.1338e-24	1.7653e-24
9.7957e+02	2.1899e-24	1.8554e-24
9.7938e+02	2.2541e-24	1.9201e-24
9.7919e+02	2.3224e-24	1.9949e-24
9.7901e+02	2.3848e-24	2.0948e-24
9.7882e+02	2.4390e-24	2.1871e-24
9.7863e+02	2.4825e-24	2.2694e-24
9.7845e+02	2.5313e-24	2.3616e-24
9.7826e+02	2.5783e-24	2.4239e-24
9.7807e+02	2.6156e-24	2.4861e-24
9.7789e+02	2.6415e-24	2.5383e-24
9.7770e+02	2.6600e-24	2.5800e-24
9.7751e+02	2.6663e-24	2.6126e-24
9.7733e+02	2.6749e-24	2.6400e-24
9.7714e+02	2.6874e-24	2.6532e-24
9.7695e+02	2.6802e-24	2.6712e-24
9.7677e+02	2.6656e-24	2.6891e-24
9.7658e+02	2.6408e-24	2.6900e-24
9.7640e+02	2.6230e-24	2.6800e-24
9.7621e+02	2.6106e-24	2.6631e-24
9.7602e+02	2.5865e-24	2.6600e-24
9.7584e+02	2.5513e-24	2.6400e-24
9.7565e+02	2.4956e-24	2.6200e-24
9.7547e+02	2.4488e-24	2.6054e-24
9.7528e+02	2.4016e-24	2.5636e-24
9.7510e+02	2.3213e-24	2.5200e-24
9.7491e+02	2.2349e-24	2.4699e-24
9.7472e+02	2.1422e-24	2.4063e-24
9.7454e+02	2.0442e-24	2.3464e-24
9.7435e+02	1.9485e-24	2.2846e-24
9.7417e+02	1.8621e-24	2.2029e-24
9.7398e+02	1.7602e-24	2.1112e-24
9.7380e+02	1.6492e-24	2.0195e-24
9.7361e+02	1.5444e-24	1.9179e-24
9.7343e+02	1.4444e-24	1.8126e-24
9.7324e+02	1.3520e-24	1.7094e-24
9.7306e+02	1.2596e-24	1.6162e-24
9.7287e+02	1.1707e-24	1.5215e-24
9.7269e+02	1.1030e-24	1.4300e-24
9.7251e+02	1.0297e-24	1.3270e-24
9.7232e+02	9.5099e-25	1.2240e-24
9.7214e+02	8.8266e-25	1.1411e-24
9.7195e+02	8.1856e-25	1.0641e-24
9.7177e+02	7.6267e-25	9.8726e-25
9.7158e+02	7.0912e-25	9.1745e-25
9.7140e+02	6.5697e-25	8.5797e-25
9.7122e+02	6.1955e-25	8.1075e-25
9.7103e+02	5.7965e-25	7.5983e-25
9.7085e+02	5.3551e-25	7.1319e-25
9.7066e+02	5.0543e-25	6.6730e-25
9.7048e+02	4.8065e-25	6.2243e-25
9.7030e+02	4.5861e-25	5.9034e-25
9.7011e+02	4.3512e-25	5.6552e-25
9.6993e+02	4.1004e-25	5.2171e-25
9.6975e+02	3.9061e-25	5.1575e-25
9.6956e+02	3.7401e-25	5.0960e-25
9.6938e+02	3.6423e-25	5.0273e-25
9.6920e+02	3.5272e-25	4.9586e-25
9.6901e+02	3.3990e-25	4.8945e-25
9.6883e+02	3.3276e-25	4.8304e-25
9.6865e+02	3.2533e-25	4.7663e-25
9.6846e+02	3.1618e-25	4.7023e-25
9.6828e+02	3.1101e-25	4.6353e-25
9.6810e+02	3.0785e-25	4.5667e-25
9.6792e+02	2.9506e-25	4.4982e-25
9.6773e+02	2.8632e-25	4.4297e-25
9.6755e+02	2.8450e-25	4.3637e-25
9.6737e+02	2.8179e-25	4.3043e-25
9.6718e+02	2.7859e-25	4.2458e-25
9.6700e+02	2.7373e-25	4.1956e-25
9.6682e+02	2.6860e-25	4.1455e-25
9.6664e+02	2.6313e-25	4.1035e-25
9.6646e+02	2.5862e-25	4.0625e-25
9.6627e+02	2.5437e-25	4.0246e-25
9.6609e+02	2.5013e-25	3.9882e-25
9.6591e+02	2.4618e-25	3.9586e-25
9.6573e+02	2.4254e-25	3.9359e-25
9.6555e+02	2.3890e-25	3.9145e-25
9.6536e+02	2.3539e-25	3.8963e-25
9.6518e+02	2.3236e-25	3.8786e-25
9.6500e+02	2.2900e-25	3.8650e-25
9.6482e+02	2.2537e-25	3.8514e-25
9.6464e+02	2.2228e-25	3.8337e-25
9.6446e+02	2.1940e-25	3.8155e-25
9.6427e+02	2.1699e-25	3.8005e-25
9.6409e+02	2.1385e-25	3.7869e-25
9.6391e+02	2.1023e-25	3.7756e-25
9.6373e+02	2.0773e-25	3.7665e-25
9.6355e+02	2.0532e-25	3.7562e-25
9.6337e+02	2.0290e-25	3.7426e-25
9.6319e+02	2.0087e-25	3.7293e-25
9.6301e+02	1.9906e-25	3.7203e-25
9.6283e+02	1.9608e-25	3.7113e-25
9.6264e+02	1.9344e-25	3.6983e-25
9.6246e+02	1.9164e-25	3.6848e-25
9.6228e+02	1.8944e-25	3.6771e-25
9.6210e+02	1.8703e-25	3.6726e-25
9.6192e+02	1.8462e-25	3.6680e-25
9.6174e+02	1.8241e-25	3.6635e-25
9.6156e+02	1.8061e-25	3.6580e-25
9.6138e+02	1.7881e-25	3.6490e-25
9.6120e+02	1.7700e-25	3.6400e-25
9.6102e+02	1.7460e-25	3.6310e-25
9.6084e+02	1.7220e-25	3.6220e-25
9.6066e+02	1.6980e-25	3.6095e-25
9.6048e+02	1.6780e-25	3.5960e-25
9.6030e+02	1.6600e-25	3.5850e-25
9.6012e+02	1.6360e-25	3.5760e-25
9.5994e+02	1.6160e-25	3.5670e-25
9.5976e+02	1.6040e-25	3.5580e-25
9.5958e+02	1.5881e-25	3.5491e-25
9.5940e+02	1.5701e-25	3.5401e-25
9.5922e+02	1.5522e-25	3.5311e-25
9.5904e+02	1.5362e-25	3.5221e-25
9.5886e+02	1.5242e-25	3.5132e-25
9.5868e+02	1.5084e-25	3.5071e-25
9.5850e+02	1.4905e-25	3.5026e-25
9.5833e+02	1.4725e-25	3.4963e-25
9.5815e+02	1.4546e-25	3.4873e-25
9.5797e+02	1.4367e-25	3.4775e-25
9.5779e+02	1.4188e-25	3.4641e-25
9.5761e+02	1.4009e-25	3.4507e-25
9.5743e+02	1.3774e-25	3.4373e-25
9.5725e+02	1.3552e-25	3.4239e-25
9.5707e+02	1.3373e-25	3.4137e-25
9.5689e+02	1.3230e-25	3.4047e-25
9.5672e+02	1.3111e-25	3.3958e-25
9.5654e+02	1.2937e-25	3.3869e-25
9.5636e+02	1.2759e-25	3.3779e-25
9.5618e+02	1.2580e-25	3.3690e-25
9.5600e+02	1.2402e-25	3.3601e-25
9.5582e+02	1.2224e-25	3.3556e-25
9.5565e+02	1.2046e-25	3.3511e-25
9.5547e+02	1.1868e-25	3.3434e-25
9.5529e+02	1.1690e-25	3.3345e-25
9.5511e+02	1.1556e-25	3.3256e-25
9.5493e+02	1.1467e-25	3.3167e-25
9.5476e+02	1.1367e-25	3.3089e-25
9.5458e+02	1.1234e-25	3.3045e-25
9.5440e+02	1.1100e-25	3.3000e-25
9.5422e+02	1.0967e-25	3.2956e-25
9.5405e+02	1.0834e-25	3.2911e-25
9.5387e+02	1.0734e-25	3.2900e-25
9.5369e+02	1.0645e-25	3.2900e-25
9.5351e+02	1.0556e-25	3.2900e-25
9.5334e+02	1.0468e-25	3.2900e-25
9.5316e+02	1.0369e-25	3.2890e-25
9.5298e+02	1.0236e-25	3.2845e-25
9.5280e+02	1.0103e-25	3.2801e-25
9.5263e+02	1.0018e-25	3.2800e-25
9.5245e+02	9.9337e-26	3.2800e-25
9.5227e+02	9.8369e-26	3.2768e-25
9.5210e+02	9.7352e-26	3.2724e-25
9.5192e+02	9.6376e-26	3.2700e-25
9.5174e+02	9.5448e-26	3.2700e-25
9.5157e+02	9.4529e-26	3.2700e-25
9.5139e+02	9.3646e-26	3.2700e-25
9.5121e+02	9.2764e-26	3.2700e-25
9.5104e+02	9.2127e-26	3.2782e-25
9.5086e+02	9.1510e-26	3.2870e-25
9.5068e+02	9.0863e-26	3.2958e-25
9.5051e+02	9.0202e-26	3.3046e-25
9.5033e+02	8.9559e-26	3.3117e-25
9.5015e+02	8.8942e-26	3.3161e-25
9.4998e+02	8.8316e-26	3.3205e-25
9.4980e+02	8.7612e-26	3.3249e-25
9.4963e+02	8.6908e-26	3.3293e-25
9.4945e+02	8.6204e-26	3.3337e-25
9.4928e+02	8.5501e-26	3.3381e-25
9.4910e+02	8.4873e-26	3.3450e-25
9.4892e+02	8.4302e-26	3.3538e-25
9.4875e+02	8.3771e-26	3.3639e-25
9.4857e+02	8.3332e-26	3.3771e-25
9.4840e+02	8.2894e-26	3.3903e-25
9.4822e+02	8.2544e-26	3.4078e-25
9.4805e+02	8.2193e-26	3.4254e-25
9.4787e+02	8.1842e-26	3.4429e-25
9.4770e+02	8.1492e-26	3.4604e-25
9.4752e+02	8.1122e-26	3.4779e-25
9.4735e+02	8.0728e-26	3.4954e-25
9.4717e+02	8.0341e-26	3.5129e-25
9.4700e+02	7.9991e-26	3.5304e-25
9.4682e+02	7.9641e-26	3.5479e-25
9.4665e+02	7.9215e-26	3.5616e-25
9.4647e+02	7.8778e-26	3.5747e-25
9.4630e+02	7.8367e-26	3.5904e-25
9.4612e+02	7.7974e-26	3.6078e-25
9.4595e+02	7.7594e-26	3.6253e-25
9.4577e+02	7.7245e-26	3.6427e-25
9.4560e+02	7.6897e-26	3.6602e-25
9.4542e+02	7.6636e-26	3.6820e-25
9.4525e+02	7.6374e-26	3.7038e-25
9.4508e+02	7.6144e-26	3.7256e-25
9.4490e+02	7.5926e-26	3.7474e-25
9.4473e+02	7.5709e-26	3.7710e-25
9.4455e+02	7.5491e-26	3.7971e-25
9.4438e+02	7.5268e-26	3.8226e-25
9.4420e+02	7.5007e-26	3.8444e-25
9.4403e+02	7.4747e-26	3.8661e-25
9.4386e+02	7.4450e-26	3.8878e-25
9.4368e+02	7.4146e-26	3.9096e-25
9.4351e+02	7.3887e-26	3.9313e-25
9.4334e+02	7.3670e-26	3.9530e-25
9.4316e+02	7.3444e-26	3.9756e-25
9.4299e+02	7.3184e-26	4.0016e-25
9.4282e+02	7.2924e-26	4.0276e-25
9.4264e+02	7.2703e-26	4.0536e-25
9.4247e+02	7.2486e-26	4.0796e-25
9.4230e+02	7.2270e-26	4.1056e-25
9.4212e+02	7.2053e-26	4.1316e-25
9.4195e+02	7.1862e-26	4.1588e-25
9.4178e+02	7.1732e-26	4.1891e-25
9.4160e+02	7.1603e-26	4.2194e-25
9.4143e+02	7.1473e-26	4.2496e-25
9.4126e+02	7.1343e-26	4.2799e-25
9.4108e+02	7.1156e-26	4.3101e-25
9.4091e+02	7.0940e-26	4.3404e-25
9.4074e+02	7.0724e-26	4.3706e-25
9.4057e+02	7.0509e-26	4.4008e-25
9.4039e+02	7.0293e-26	4.4308e-25
9.4022e+02	7.0077e-26	4.4567e-25
9.4005e+02	6.9862e-26	4.4826e-25
9.3988e+02	6.9616e-26	4.5084e-25
9.3970e+02	6.9357e-26	4.5343e-25
9.3953e+02	6.9099e-26	4.5601e-25
9.3936e+02	6.8841e-26	4.5859e-25
9.3919e+02	6.8588e-26	4.6120e-25
9.3902e+02	6.8416e-26	4.6421e-25
9.3884e+02	6.8244e-26	4.6722e-25
9.3867e+02	6.8104e-26	4.7055e-25
9.3850e+02	6.7976e-26	4.7399e-25
9.3833e+02	6.7829e-26	4.7742e-25
9.3816e+02	6.7657e-26	4.8086e-25
9.3799e+02	6.7489e-26	4.8429e-25
9.3781e+02	6.7360e-26	4.8772e-25
9.3764e+02	6.7232e-26	4.9115e-25
9.3747e+02	6.7006e-26	4.9426e-25
9.3730e+02	6.6749e-26	4.9726e-25
9.3713e+02	6.6474e-26	4.9990e-25
9.3696e+02	6.6175e-26	5.0204e-25
9.3679e+02	6.5879e-26	5.0425e-25
9.3661e+02	6.5622e-26	5.0724e-25
9.3644e+02	6.5365e-26	5.1024e-25
9.3627e+02	6.5141e-26	5.1323e-25
9.3610e+02	6.4927e-26	5.1622e-25
9.3593e+02	6.4731e-26	5.1939e-25
9.3576e+02	6.4560e-26	5.2280e-25
9.3559e+02	6.4386e-26	5.2622e-25
9.3542e+02	6.4173e-26	5.2963e-25
9.3525e+02	6.3960e-26	5.3305e-25
9.3508e+02	6.3716e-26	5.3615e-25
9.3491e+02	6.3460e-26	5.3914e-25
9.3474e+02	6.3204e-26	5.4196e-25
9.3457e+02	6.2948e-26	5.4452e-25
9.3440e+02	6.2693e-26	5.4708e-25
9.3423e+02	6.2438e-26	5.5006e-25
9.3405e+02	6.2182e-26	5.5304e-25
9.3388e+02	6.1898e-26	5.5602e-25
9.3371e+02	6.1600e-26	5.5900e-25
9.3354e+02	6.1317e-26	5.6183e-25
9.3337e+02	6.1062e-26	5.6438e-25
9.3320e+02	6.0807e-26	5.6693e-25
9.3303e+02	6.0552e-26	5.6989e-25
9.3287e+02	6.0298e-26	5.7286e-25
9.3270e+02	6.0069e-26	5.7609e-25
9.3253e+02	5.9857e-26	5.7949e-25
9.3236e+02	5.9634e-26	5.8277e-25
9.3219e+02	5.9380e-26	5.8574e-25
9.3202e+02	5.9126e-26	5.8870e-25
9.3185e+02	5.8871e-26	5.9167e-25
9.3168e+02	5.8617e-26	5.9463e-25
9.3151e+02	5.8363e-26	5.9759e-25
9.3134e+02	5.8110e-26	6.0055e-25
9.3117e+02	5.7856e-26	6.0352e-25
9.3100e+02	5.7602e-26	6.0647e-25
9.3083e+02	5.7349e-26	6.0943e-25
9.3066e+02	5.7095e-26	6.1273e-25
9.3049e+02	5.6842e-26	6.1611e-25
9.3033e+02	5.6607e-26	6.1930e-25
9.3016e+02	5.6396e-26	6.2226e-25
9.2999e+02	5.6179e-26	6.2518e-25
9.2982e+02	5.5884e-26	6.2771e-25
9.2965e+02	5.5589e-26	6.3024e-25
9.2948e+02	5.5294e-26	6.3277e-25
9.2931e+02	5.4999e-26	6.3529e-25
9.2915e+02	5.4704e-26	6.3782e-25
9.2898e+02	5.4410e-26	6.4035e-25
9.2881e+02	5.4115e-26	6.4287e-25
9.2864e+02	5.3821e-26	6.4579e-25
9.2847e+02	5.3526e-26	6.4874e-25
9.2830e+02	5.3232e-26	6.5144e-25
9.2814e+02	5.2938e-26	6.5396e-25
9.2797e+02	5.2652e-26	6.5648e-25
9.2780e+02	5.2400e-26	6.5900e-25
9.2763e+02	5.2148e-26	6.6152e-25
9.2746e+02	5.1863e-26	6.6403e-25
9.2730e+02	5.1569e-26	6.6655e-25
9.2713e+02	5.1276e-26	6.6907e-25
9.2696e+02	5.0982e-26	6.7158e-25
9.2679e+02	5.0689e-26	6.7409e-25
9.2663e+02	5.0396e-26	6.7661e-25
9.2646e+02	5.0103e-26	6.7912e-25
9.2629e+02	4.9810e-26	6.8163e-25
9.2612e+02	4.9517e-26	6.8414e-25
9.2596e+02	4.9224e-26	6.8665e-25
9.2579e+02	4.8932e-26	6.8916e-25
9.2562e+02	4.8639e-26	6.9167e-25
9.2546e+02	4.8383e-26	6.9417e-25
9.2529e+02	4.8132e-26	6.9668e-25
9.2512e+02	4.7882e-26	6.9918e-25
9.2495e+02	4.7631e-26	7.0169e-25
9.2479e+02	4.7378e-26	7.0422e-25
9.2462e+02	4.7086e-26	7.0714e-25
9.2445e+02	4.6794e-26	7.1006e-25
9.2429e+02	4.6503e-26	7.1241e-25
9.2412e+02	4.6211e-26	7.1449e-25
9.2395e+02	4.5920e-26	7.1657e-25
9.2379e+02	4.5628e-26	7.1866e-25
9.2362e+02	4.5337e-26	7.2074e-25
9.2345e+02	4.5046e-26	7.2282e-25
9.2329e+02	4.4755e-26	7.2489e-25
9.2312e+02	4.4464e-26	7.2697e-25
9.2296e+02	4.4173e-26	7.2905e-25
9.2279e+02	4.3885e-26	7.3115e-25
9.2262e+02	4.3636e-26	7.3364e-25
9.2246e+02	4.3387e-26	7.3613e-25
9.2229e+02	4.3111e-26	7.3808e-25
9.2213e+02	4.2820e-26	7.3974e-25
9.2196e+02	4.2530e-26	7.4140e-25
9.2179e+02	4.2240e-26	7.4306e-25
9.2163e+02	4.1950e-26	7.4471e-25
9.2146e+02	4.1626e-26	7.4637e-25
9.2130e+02	4.1295e-26	7.4803e-25
9.2113e+02	4.0981e-26	7.4951e-25
9.2097e+02	4.0691e-26	7.5075e-25
9.2080e+02	4.0401e-26	7.5199e-25
9.2064e+02	4.0112e-26	7.5365e-25
9.2047e+02	3.9823e-26	7.5530e-25
9.2030e+02	3.9510e-26	7.5671e-25
9.2014e+02	3.9180e-26	7.5795e-25
9.1997e+02	3.8856e-26	7.5919e-25
9.1981e+02	3.8567e-26	7.6043e-25
9.1964e+02	3.8278e-26	7.6167e-25
9.1948e+02	3.7989e-26	7.6290e-25
9.1931e+02	3.7701e-26	7.6414e-25
9.1915e+02	3.7400e-26	7.6525e-25
9.1899e+02	3.7070e-26	7.6607e-25
9.1882e+02	3.6741e-26	7.6690e-25
9.1866e+02	3.6448e-26	7.6736e-25
9.1849e+02	3.6160e-26	7.6777e-25
9.1833e+02	3.5853e-26	7.6818e-25
9.1816e+02	3.5524e-26	7.6859e-25
9.1800e+02	3.5196e-26	7.6901e-25
9.1783e+02	3.4908e-26	7.6942e-25
9.1767e+02	3.4621e-26	7.6983e-25
9.1750e+02	3.4310e-26	7.7024e-25
9.1734e+02	3.3981e-26	7.7065e-25
9.1718e+02	3.3659e-26	7.7106e-25
9.1701e+02	3.3372e-26	7.7147e-25
9.1685e+02	3.3085e-26	7.7188e-25
9.1668e+02	3.2798e-26	7.7200e-25
9.1652e+02	3.2511e-26	7.7200e-25
9.1636e+02	3.2214e-26	7.7200e-25
9.1619e+02	3.1886e-26	7.7200e-25
9.1603e+02	3.1559e-26	7.7200e-25
9.1587e+02	3.1265e-26	7.7166e-25
9.1570e+02	3.0979e-26	7.7126e-25
9.1554e+02	3.0693e-26	7.7085e-25
9.1538e+02	3.0406e-26	7.7044e-25
9.1521e+02	3.0120e-26	7.7003e-25
9.1505e+02	2.9797e-26	7.6924e-25
9.1489e+02	2.9470e-26	7.6843e-25
9.1472e+02	2.9163e-26	7.6780e-25
9.1456e+02	2.8878e-26	7.6740e-25
9.1440e+02	2.8592e-26	7.6698e-25
9.1423e+02	2.8307e-26	7.6616e-25
9.1407e+02	2.8021e-26	7.6535e-25
9.1391e+02	2.7736e-26	7.6477e-25
9.1374e+02	2.7451e-26	7.6436e-25
9.1358e+02	2.7166e-26	7.6386e-25
9.1342e+02	2.6881e-26	7.6263e-25
9.1326e+02	2.6597e-26	7.6141e-25
9.1309e+02	2.6312e-26	7.6046e-25
9.1293e+02	2.6027e-26	7.5965e-25
9.1277e+02	2.5743e-26	7.5867e-25
9.1260e+02	2.5459e-26	7.5705e-25
9.1244e+02	2.5174e-26	7.5542e-25
9.1228e+02	2.4890e-26	7.5380e-25
9.1212e+02	2.4606e-26	7.5218e-25
9.1196e+02	2.4322e-26	7.5067e-25
9.1179e+02	2.4038e-26	7.4945e-25
9.1163e+02	2.3755e-26	7.4823e-25
9.1147e+02	2.3504e-26	7.4669e-25
9.1131e+02	2.3261e-26	7.4507e-25
9.1115e+02	2.3004e-26	7.4359e-25
9.1098e+02	2.2721e-26	7.4237e-25
9.1082e+02	2.2437e-26	7.4116e-25
9.1066e+02	2.2189e-26	7.3960e-25
9.1050e+02	2.1947e-26	7.3798e-25
9.1034e+02	2.1704e-26	7.3652e-25
9.1017e+02	2.1462e-26	7.3531e-25
9.1001e+02	2.1219e-26	7.3410e-25
9.0985e+02	2.0977e-26	7.3214e-25
9.0969e+02	2.0735e-26	7.3012e-25
9.0953e+02	2.0493e-26	7.2829e-25
9.0937e+02	2.0251e-26	7.2667e-25
9.0921e+02	2.0009e-26	7.2506e-25
9.0904e+02	1.9767e-26	7.2306e-25
9.0888e+02	1.9525e-26	7.2104e-25
9.0872e+02	1.9303e-26	7.1903e-25
9.0856e+02	1.9102e-26	7.1702e-25
9.0840e+02	1.8901e-26	7.1501e-25
9.0824e+02	1.8659e-26	7.1339e-25
9.0808e+02	1.8418e-26	7.1179e-25
9.0792e+02	1.8197e-26	7.1038e-25
9.0776e+02	1.7996e-26	7.0918e-25
9.0760e+02	1.7795e-26	7.0796e-25
9.0744e+02	1.7595e-26	7.0636e-25
9.0728e+02	1.7394e-26	7.0475e-25
9.0711e+02	1.7193e-26	7.0315e-25
9.0695e+02	1.6993e-26	7.0154e-25
9.0679e+02	1.6792e-26	6.9994e-25
9.0663e+02	1.6592e-26	6.9833e-25
9.0647e+02	1.6391e-26	6.9673e-25
9.0631e+02	1.6191e-26	6.9491e-25
9.0615e+02	1.5991e-26	6.9291e-25
9.0599e+02	1.5792e-26	6.9090e-25
9.0583e+02	1.5632e-26	6.8890e-25
9.0567e+02	1.5472e-26	6.8690e-25
9.0551e+02	1.5290e-26	6.8490e-25
9.0535e+02	1.5090e-26	6.8290e-25
9.0519e+02	1.4891e-26	6.8091e-25
9.0503e+02	1.4691e-26	6.7891e-25
9.0487e+02	1.4491e-26	6.7691e-25
9.0471e+02	1.4313e-26	6.7492e-25
9.0455e+02	1.4154e-26	6.7292e-25
9.0439e+02	1.3994e-26	6.7091e-25
9.0423e+02	1.3834e-26	6.6852e-25
9.0408e+02	1.3675e-26	6.6613e-25
9.0392e+02	1.3495e-26	6.6373e-25
9.0376e+02	1.3295e-26	6.6134e-25
9.0360e+02	1.3097e-26	6.5895e-25
9.0344e+02	1.2938e-26	6.5616e-25
9.0328e+02	1.2779e-26	6.5337e-25
9.0312e+02	1.2619e-26	6.5059e-25
9.0296e+02	1.2460e-26	6.4781e-25
9.0280e+02	1.2301e-26	6.4502e-25
9.0264e+02	1.2103e-26	6.4185e-25
9.0248e+02	1.1904e-26	6.3867e-25
9.0232e+02	1.1725e-26	6.3587e-25
9.0217e+02	1.1566e-26	6.3349e-25
9.0201e+02	1.1407e-26	6.3111e-25
9.0185e+02	1.1286e-26	6.2873e-25
9.0169e+02	1.1167e-26	6.2635e-25
9.0153e+02	1.1031e-26	6.2380e-25
9.0137e+02	1.0873e-26	6.2102e-25
9.0121e+02	1.0714e-26	6.1825e-25
9.0106e+02	1.0556e-26	6.1548e-25
9.0090e+02	1.0397e-26	6.1271e-25
9.0074e+02	1.0247e-26	6.0978e-25
9.0058e+02	1.0108e-26	6.0662e-25
9.0042e+02	9.9699e-27	6.0346e-25
9.0026e+02	9.8282e-27	6.0063e-25
9.0011e+02	9.6859e-27	5.9787e-25
8.9995e+02	9.5476e-27	5.9497e-25
8.9979e+02	9.4173e-27	5.9181e-25
8.9963e+02	9.2870e-27	5.8865e-25
8.9947e+02	9.1536e-27	5.8581e-25
8.9932e+02	9.0195e-27	5.8305e-25
8.9916e+02	8.8865e-27	5.8019e-25
8.9900e+02	8.7564e-27	5.7703e-25
8.9884e+02	8.6263e-27	5.7388e-25
8.9869e+02	8.4992e-27	5.7073e-25
8.9853e+02	8.3732e-27	5.6758e-25
8.9837e+02	8.2472e-27	5.6436e-25
8.9821e+02	8.1213e-27	5.6082e-25
8.9806e+02	7.9954e-27	5.5728e-25
8.9790e+02	7.8721e-27	5.5374e-25
8.9774e+02	7.7502e-27	5.5020e-25
8.9759e+02	7.6284e-27	5.4666e-25
8.9743e+02	7.5066e-27	5.4313e-25
8.9727e+02	7.3849e-27	5.3959e-25
8.9711e+02	7.2675e-27	5.3606e-25
8.9696e+02	7.1537e-27	5.3253e-25
8.9680e+02	7.0400e-27	5.2900e-25
8.9664e+02	6.9341e-27	5.2586e-25
8.9649e+02	6.8282e-27	5.2273e-25
8.9633e+02	6.7224e-27	5.1941e-25
8.9617e+02	6.6167e-27	5.1589e-25
8.9602e+02	6.5109e-27	5.1236e-25
8.9586e+02	6.4123e-27	5.0919e-25
8.9570e+02	6.3144e-27	5.0606e-25
8.9555e+02	6.2166e-27	5.0293e-25
8.9539e+02	6.1189e-27	4.9980e-25
8.9523e+02	6.0212e-27	4.9668e-25
8.9508e+02	5.9296e-27	4.9355e-25
8.9492e+02	5.8397e-27	4.9043e-25
8.9477e+02	5.7499e-27	4.8730e-25
8.9461e+02	5.6602e-27	4.8418e-25
8.9445e+02	5.5704e-27	4.8106e-25
8.9430e+02	5.4833e-27	4.7794e-25
8.9414e+02	5.3975e-27	4.7482e-25
8.9398e+02	5.3125e-27	4.7174e-25
8.9383e+02	5.2345e-27	4.6901e-25
8.9367e+02	5.1566e-27	4.6628e-25
8.9352e+02	5.0787e-27	4.6356e-25
8.9336e+02	5.0009e-27	4.6083e-25
8.9321e+02	4.9231e-27	4.5811e-25
8.9305e+02	4.8490e-27	4.5538e-25
8.9289e+02	4.7751e-27	4.5266e-25
8.9274e+02	4.7028e-27	4.5009e-25
8.9258e+02	4.6328e-27	4.4776e-25
8.9243e+02	4.5629e-27	4.4543e-25
8.9227e+02	4.4962e-27	4.4278e-25
8.9212e+02	4.4302e-27	4.4007e-25
8.9196e+02	4.3633e-27	4.3735e-25
8.9181e+02	4.2935e-27	4.3463e-25
8.9165e+02	4.2237e-27	4.3192e-25
8.9150e+02	4.1590e-27	4.2921e-25
8.9134e+02	4.0970e-27	4.2649e-25
8.9119e+02	4.0350e-27	4.2381e-25
8.9103e+02	3.9731e-27	4.2149e-25
8.9088e+02	3.9111e-27	4.1917e-25
8.9072e+02	3.8511e-27	4.1665e-25
8.9057e+02	3.7931e-27	4.1394e-25
8.9041e+02	3.7351e-27	4.1124e-25
8.9026e+02	3.6806e-27	4.0924e-25
8.9010e+02	3.6265e-27	4.0730e-25
8.8995e+02	3.5737e-27	4.0525e-25
8.8980e+02	3.5235e-27	4.0293e-25
8.8964e+02	3.4733e-27	4.0061e-25
8.8949e+02	3.4232e-27	3.9858e-25
8.8933e+02	3.3730e-27	3.9665e-25
8.8918e+02	3.3229e-27	3.9462e-25
8.8902e+02	3.2728e-27	3.9192e-25
8.8887e+02	3.2227e-27	3.8922e-25
8.8872e+02	3.1726e-27	3.8673e-25
8.8856e+02	3.1225e-27	3.8442e-25
8.8841e+02	3.0725e-27	3.8211e-25
8.8825e+02	3.0261e-27	3.7981e-25
8.8810e+02	2.9799e-27	3.7750e-25
8.8795e+02	2.9338e-27	3.7519e-25
8.8779e+02	2.8877e-27	3.7288e-25
8.8764e+02	2.8415e-27	3.7058e-25
8.8748e+02	2.7954e-27	3.6827e-25
8.8733e+02	2.7494e-27	3.6597e-25
8.8718e+02	2.7039e-27	3.6361e-25
8.8702e+02	2.6616e-27	3.6092e-25
8.8687e+02	2.6194e-27	3.5824e-25
8.8672e+02	2.5773e-27	3.5576e-25
8.8656e+02	2.5351e-27	3.5346e-25
8.8641e+02	2.4929e-27	3.5116e-25
8.8626e+02	2.4508e-27	3.4850e-25
8.8610e+02	2.4087e-27	3.4582e-25
8.8595e+02	2.3678e-27	3.4302e-25
8.8580e+02	2.3295e-27	3.3996e-25
8.8564e+02	2.2912e-27	3.3690e-25
8.8549e+02	2.2503e-27	3.3411e-25
8.8534e+02	2.2082e-27	3.3143e-25
8.8519e+02	2.1666e-27	3.2876e-25
8.8503e+02	2.1283e-27	3.2608e-25
8.8488e+02	2.0902e-27	3.2341e-25
8.8473e+02	2.0538e-27	3.2074e-25
8.8458e+02	2.0194e-27	3.1807e-25
8.8442e+02	1.9851e-27	3.1540e-25
8.8427e+02	1.9508e-27	3.1273e-25
8.8412e+02	1.9165e-27	3.1006e-25
8.8397e+02	1.8830e-27	3.0748e-25
8.8381e+02	1.8525e-27	3.0519e-25
8.8366e+02	1.8221e-27	3.0291e-25
8.8351e+02	1.7916e-27	3.0062e-25
8.8336e+02	1.7612e-27	2.9834e-25
8.8320e+02	1.7307e-27	2.9606e-25
8.8305e+02	1.7003e-27	2.9340e-25
8.8290e+02	1.6699e-27	2.9074e-25
8.8275e+02	1.6408e-27	2.8834e-25
8.8260e+02	1.6142e-27	2.8644e-25
8.8244e+02	1.5876e-27	2.8454e-25
8.8229e+02	1.5610e-27	2.8265e-25
8.8214e+02	1.5345e-27	2.8075e-25
8.8199e+02	1.5082e-27	2.7885e-25
8.8184e+02	1.4855e-27	2.7695e-25
8.8168e+02	1.4627e-27	2.7506e-25
8.8153e+02	1.4400e-27	2.7333e-25
8.8138e+02	1.4172e-27	2.7182e-25
8.8123e+02	1.3945e-27	2.7030e-25
8.8108e+02	1.3748e-27	2.6848e-25
8.8093e+02	1.3559e-27	2.6659e-25
8.8078e+02	1.3364e-27	2.6470e-25
8.8062e+02	1.3137e-27	2.6281e-25
8.8047e+02	1.2910e-27	2.6092e-25
8.8032e+02	1.2683e-27	2.5903e-25
8.8017e+02	1.2456e-27	2.5714e-25
8.8002e+02	1.2230e-27	2.5525e-25
8.7987e+02	1.2036e-27	2.5336e-25
8.7972e+02	1.1847e-27	2.5147e-25
8.7957e+02	1.1659e-27	2.4959e-25
8.7942e+02	1.1470e-27	2.4770e-25
8.7927e+02	1.1281e-27	2.4581e-25
8.7911e+02	1.1093e-27	2.4393e-25
8.7896e+02	1.0905e-27	2.4205e-25
8.7881e+02	1.0716e-27	2.4016e-25
8.7866e+02	1.0528e-27	2.3793e-25
8.7851e+02	1.0340e-27	2.3568e-25
8.7836e+02	1.0153e-27	2.3352e-25
8.7821e+02	9.9682e-28	2.3163e-25
8.7806e+02	9.7839e-28	2.2975e-25
8.7791e+02	9.6110e-28	2.2787e-25
8.7776e+02	9.4456e-28	2.2600e-25
8.7761e+02	9.2803e-28	2.2412e-25
8.7746e+02	9.1186e-28	2.2224e-25
8.7731e+02	8.9572e-28	2.2036e-25
8.7716e+02	8.7948e-28	2.1849e-25
8.7701e+02	8.6297e-28	2.1661e-25
8.7686e+02	8.4647e-28	2.1474e-25
8.7671e+02	8.3043e-28	2.1263e-25
8.7656e+02	8.1469e-28	2.1038e-25
8.7641e+02	7.9896e-28	2.0814e-25
8.7626e+02	7.8358e-28	2.0589e-25
8.7611e+02	7.6823e-28	2.0364e-25
8.7596e+02	7.5329e-28	2.0150e-25
8.7581e+02	7.3945e-28	1.9963e-25
8.7566e+02	7.2561e-28	1.9776e-25
8.7551e+02	7.1200e-28	1.9589e-25
8.7536e+02	6.9854e-28	1.9402e-25
8.7521e+02	6.8509e-28	1.9215e-25
8.7506e+02	6.7233e-28	1.9028e-25
8.7491e+02	6.5964e-28	1.8842e-25
8.7476e+02	6.4704e-28	1.8655e-25
8.7461e+02	6.3473e-28	1.8469e-25
8.7447e+02	6.2242e-28	1.8282e-25
8.7432e+02	6.1053e-28	1.8117e-25
8.7417e+02	5.9898e-28	1.7967e-25
8.7402e+02	5.8743e-28	1.7818e-25
8.7387e+02	5.7653e-28	1.7637e-25
8.7372e+02	5.6574e-28	1.7451e-25
8.7357e+02	5.5494e-28	1.7265e-25
8.7342e+02	5.4415e-28	1.7078e-25
8.7327e+02	5.3336e-28	1.6892e-25
8.7313e+02	5.2314e-28	1.6725e-25
8.7298e+02	5.1348e-28	1.6577e-25
8.7283e+02	5.0382e-28	1.6428e-25
8.7268e+02	4.9476e-28	1.6279e-25
8.7253e+02	4.8585e-28	1.6131e-25
8.7238e+02	4.7699e-28	1.5982e-25
8.7223e+02	4.6845e-28	1.5834e-25
8.7209e+02	4.5992e-28	1.5686e-25
8.7194e+02	4.5186e-28	1.5553e-25
8.7179e+02	4.4445e-28	1.5442e-25
8.7164e+02	4.3704e-28	1.5331e-25
8.7149e+02	4.2936e-28	1.5219e-25
8.7134e+02	4.2158e-28	1.5108e-25
8.7120e+02	4.1383e-28	1.4996e-25
8.7105e+02	4.0679e-28	1.4848e-25
8.7090e+02	3.9977e-28	1.4700e-25
8.7075e+02	3.9286e-28	1.4564e-25
8.7060e+02	3.8620e-28	1.4453e-25
8.7046e+02	3.7955e-28	1.4343e-25
8.7031e+02	3.7313e-28	1.4232e-25
8.7016e+02	3.6685e-28	1.4121e-25
8.7001e+02	3.6057e-28	1.4010e-25
8.6987e+02	3.5464e-28	1.3899e-25
8.6972e+02	3.4873e-28	1.3789e-25
8.6957e+02	3.4283e-28	1.3685e-25
8.6942e+02	3.3693e-28	1.3612e-25
8.6928e+02	3.3104e-28	1.3538e-25
8.6913e+02	3.2532e-28	1.3446e-25
8.6898e+02	3.1980e-28	1.3336e-25
8.6883e+02	3.1427e-28	1.3225e-25
8.6869e+02	3.0847e-28	1.3087e-25
8.6854e+02	3.0258e-28	1.2940e-25
8.6839e+02	2.9672e-28	1.2794e-25
8.6825e+02	2.9120e-28	1.2684e-25
8.6810e+02	2.8569e-28	1.2574e-25
8.6795e+02	2.8017e-28	1.2451e-25
8.6780e+02	2.7467e-28	1.2304e-25
8.6766e+02	2.6916e-28	1.2158e-25
8.6751e+02	2.6410e-28	1.2033e-25
8.6736e+02	2.5933e-28	1.1923e-25
8.6722e+02	2.5456e-28	1.1813e-25
8.6707e+02	2.4979e-28	1.1703e-25
8.6692e+02	2.4503e-28	1.1593e-25
8.6678e+02	2.4032e-28	1.1483e-25
8.6663e+02	2.3592e-28	1.1373e-25
8.6648e+02	2.3153e-28	1.1263e-25
8.6634e+02	2.2714e-28	1.1153e-25
8.6619e+02	2.2274e-28	1.1044e-25
8.6605e+02	2.1836e-28	1.0934e-25
8.6590e+02	2.1397e-28	1.0824e-25
8.6575e+02	2.0958e-28	1.0714e-25
8.6561e+02	2.0519e-28	1.0605e-25
8.6546e+02	2.0151e-28	1.0495e-25
8.6531e+02	1.9786e-28	1.0386e-25
8.6517e+02	1.9413e-28	1.0276e-25
8.6502e+02	1.9011e-28	1.0167e-25
8.6488e+02	1.8610e-28	1.0057e-25
8.6473e+02	1.8226e-28	9.9513e-26
8.6458e+02	1.7861e-28	9.8492e-26
8.6444e+02	1.7497e-28	9.7472e-26
8.6429e+02	1.7159e-28	9.6371e-26
8.6415e+02	1.6832e-28	9.5242e-26
8.6400e+02	1.6504e-28	9.4113e-26
8.6386e+02	1.6176e-28	9.3237e-26
8.6371e+02	1.5849e-28	9.2364e-26
8.6357e+02	1.5539e-28	9.1525e-26
8.6342e+02	1.5284e-28	9.0798e-26
8.6327e+02	1.5030e-28	9.0071e-26
8.6313e+02	1.4776e-28	8.9309e-26
8.6298e+02	1.4521e-28	8.8510e-26
8.6284e+02	1.4267e-28	8.7711e-26
8.6269e+02	1.4013e-28	8.6939e-26
8.6255e+02	1.3759e-28	8.6177e-26
8.6240e+02	1.3505e-28	8.5415e-26
8.6226e+02	1.3251e-28	8.4583e-26
8.6211e+02	1.2997e-28	8.3749e-26
8.6197e+02	1.2752e-28	8.2939e-26
8.6182e+02	1.2534e-28	8.2215e-26
8.6168e+02	1.2317e-28	8.1491e-26
8.6153e+02	1.2083e-28	8.0767e-26
8.6139e+02	1.1830e-28	8.0043e-26
8.6124e+02	1.1577e-28	7.9319e-26
8.6110e+02	1.1349e-28	7.8545e-26
8.6095e+02	1.1132e-28	7.7750e-26
8.6081e+02	1.0915e-28	7.6955e-26
8.6067e+02	1.0698e-28	7.6127e-26
8.6052e+02	1.0482e-28	7.5296e-26
8.6038e+02	1.0270e-28	7.4477e-26
8.6023e+02	1.0086e-28	7.3719e-26
8.6009e+02	9.9021e-29	7.2961e-26
8.5994e+02	9.7181e-29	7.2218e-26
8.5980e+02	9.5342e-29	7.1497e-26
8.5966e+02	9.3504e-29	7.0776e-26
8.5951e+02	9.1644e-29	7.0011e-26
8.5937e+02	8.9771e-29	6.9218e-26
8.5922e+02	8.7899e-29	6.8426e-26
8.5908e+02	8.5996e-29	6.7574e-26
8.5894e+02	8.4089e-29	6.6710e-26
8.5879e+02	8.2194e-29	6.5851e-26
8.5865e+02	8.0468e-29	6.5060e-26
8.5850e+02	7.8742e-29	6.4269e-26
8.5836e+02	7.7017e-29	6.3459e-26
8.5822e+02	7.5293e-29	6.2596e-26
8.5807e+02	7.3569e-29	6.1735e-26
8.5793e+02	7.1953e-29	6.0944e-26
8.5779e+02	7.0445e-29	6.0226e-26
8.5764e+02	6.8939e-29	5.9509e-26
8.5750e+02	6.7381e-29	5.8690e-26
8.5735e+02	6.5804e-29	5.7829e-26
8.5721e+02	6.4227e-29	5.6969e-26
8.5707e+02	6.2815e-29	5.6208e-26
8.5692e+02	6.1418e-29	5.5456e-26
8.5678e+02	6.0036e-29	5.4713e-26
8.5664e+02	5.8747e-29	5.4033e-26
8.5650e+02	5.7459e-29	5.3353e-26
8.5635e+02	5.6231e-29	5.2710e-26
8.5621e+02	5.5123e-29	5.2137e-26
8.5607e+02	5.4015e-29	5.1566e-26
8.5592e+02	5.2849e-29	5.0936e-26
8.5578e+02	5.1635e-29	5.0258e-26
8.5564e+02	5.0421e-29	4.9579e-26
8.5549e+02	4.9260e-29	4.8901e-26
8.5535e+02	4.8118e-29	4.8223e-26
8.5521e+02	4.6976e-29	4.7545e-26
8.5507e+02	4.5868e-29	4.6834e-26
8.5492e+02	4.4763e-29	4.6121e-26
8.5478e+02	4.3663e-29	4.5409e-26
8.5464e+02	4.2594e-29	4.4696e-26
8.5450e+02	4.1526e-29	4.3984e-26
8.5435e+02	4.0515e-29	4.3318e-26
8.5421e+02	3.9625e-29	4.2748e-26
8.5407e+02	3.8736e-29	4.2179e-26
8.5393e+02	3.7919e-29	4.1700e-26
8.5379e+02	3.7172e-29	4.1309e-26
8.5364e+02	3.6426e-29	4.0918e-26
8.5350e+02	3.5630e-29	4.0379e-26
8.5336e+02	3.4813e-29	3.9775e-26
8.5322e+02	3.3997e-29	3.9172e-26
8.5307e+02	3.3180e-29	3.8599e-26
8.5293e+02	3.2364e-29	3.8032e-26
8.5279e+02	3.1551e-29	3.7460e-26
8.5265e+02	3.0771e-29	3.6821e-26
8.5251e+02	2.9991e-29	3.6183e-26
8.5237e+02	2.9237e-29	3.5580e-26
8.5222e+02	2.8564e-29	3.5084e-26
8.5208e+02	2.7891e-29	3.4588e-26
8.5194e+02	2.7248e-29	3.4122e-26
8.5180e+02	2.6646e-29	3.3697e-26
8.5166e+02	2.6045e-29	3.3273e-26
8.5152e+02	2.5486e-29	3.2890e-26
8.5137e+02	2.4955e-29	3.2537e-26
8.5123e+02	2.4425e-29	3.2184e-26
8.5109e+02	2.3976e-29	3.1857e-26
8.5095e+02	2.3552e-29	3.1539e-26
8.5081e+02	2.3129e-29	3.1222e-26
8.5067e+02	2.2771e-29	3.1036e-26
8.5053e+02	2.2418e-29	3.0859e-26
8.5039e+02	2.2069e-29	3.0683e-26
8.5025e+02	2.1752e-29	3.0506e-26
8.5010e+02	2.1434e-29	3.0330e-26
8.4996e+02	0.0000e+00	0.0000e+00
8.4982e+02	0.0000e+00	0.0000e+00
8.4968e+02	0.0000e+00	0.0000e+00
8.4954e+02	0.0000e+00	0.0000e+00
8.4940e+02	0.0000e+00	0.0000e+00
8.4926e+02	0.0000e+00	0.0000e+00
8.4912e+02	0.0000e+00	0.0000e+00
8.4898e+02	0.0000e+00	0.0000e+00
