6.036899999999999489e-01	9.256460000000000576e+00
6.048634310850439233e-01	9.071410553320562897e+00
6.060368621700878977e-01	8.886361106641125218e+00
6.072102932551318721e-01	8.701311659961687539e+00
6.083837243401759576e-01	8.516262213282232096e+00
6.095571554252199320e-01	8.331212766602794417e+00
6.107305865102639064e-01	8.146163319923356738e+00
6.119040175953078808e-01	7.961113873243918171e+00
6.130774486803518553e-01	7.776064426564480492e+00
6.142508797653958297e-01	7.591014979885042813e+00
6.154243108504398041e-01	7.450217537736878448e+00
6.165977419354837785e-01	7.344528960065806800e+00
6.177711730205278640e-01	7.238840382394725381e+00
6.189446041055718384e-01	7.133151804723654621e+00
6.201180351906158128e-01	7.027463227052582972e+00
6.212914662756597872e-01	6.921774649381511324e+00
6.224648973607037616e-01	6.816086071710440564e+00
6.236383284457477361e-01	6.710397494039368915e+00
6.248117595307917105e-01	6.604708916368298155e+00
6.259851906158356849e-01	6.535222225694835352e+00
6.271586217008797703e-01	6.497481596160286088e+00
6.283320527859237448e-01	6.459740966625740377e+00
6.295054838709677192e-01	6.422000337091193778e+00
6.306789149560116936e-01	6.384259707556648067e+00
6.318523460410556680e-01	6.346519078022102356e+00
6.330257771260996424e-01	6.308778448487556645e+00
6.341992082111436169e-01	6.297227269569133590e+00
6.353726392961875913e-01	6.441106168102854745e+00
6.365460703812316767e-01	6.584985066636589224e+00
6.377195014662756511e-01	6.728863965170310379e+00
6.388929325513196256e-01	6.872742863704032423e+00
6.400663636363636000e-01	7.016621762237753579e+00
6.412397947214075744e-01	7.073470000000000368e+00
6.424132258064515488e-01	7.073470000000000368e+00
6.435866568914955232e-01	7.073470000000000368e+00
6.447600879765394977e-01	7.073470000000000368e+00
6.459335190615835831e-01	7.073470000000000368e+00
6.471069501466275575e-01	7.073470000000000368e+00
6.482803812316715319e-01	7.073470000000000368e+00
6.494538123167155064e-01	7.073470000000000368e+00
6.506272434017594808e-01	6.944100072190824591e+00
6.518006744868034552e-01	6.726375968415727158e+00
6.529741055718474296e-01	6.508651864640629725e+00
6.541475366568914040e-01	6.290927760865532292e+00
6.553209677419354895e-01	6.157304835768210083e+00
6.564943988269794639e-01	6.059788789275240006e+00
6.576678299120234383e-01	5.962272742782269930e+00
6.588412609970674128e-01	5.864756696289299853e+00
6.600146920821113872e-01	5.767240649796329777e+00
6.611881231671553616e-01	5.669724603303359700e+00
6.623615542521993360e-01	5.572208556810389624e+00
6.635349853372434215e-01	5.474692510317410665e+00
6.647084164222873959e-01	5.389220010049975862e+00
6.658818475073313703e-01	5.333463968640938191e+00
6.670552785923753447e-01	5.277707927231901408e+00
6.682287096774193191e-01	5.221951885822863737e+00
6.694021407624632936e-01	5.166195844413826066e+00
6.705755718475072680e-01	5.110439803004788395e+00
6.717490029325512424e-01	5.054683761595751612e+00
6.729224340175952168e-01	5.041327567990101066e+00
6.740958651026393023e-01	5.031535805793352800e+00
6.752692961876832767e-01	5.021744043596605422e+00
6.764427272727272511e-01	5.011952281399858045e+00
6.776161583577712255e-01	5.002160519203109779e+00
6.787895894428151999e-01	4.992368757006362401e+00
6.799630205278591744e-01	4.982576994809615023e+00
6.811364516129031488e-01	4.972785232612867645e+00
6.823098826979472342e-01	4.962993470416119379e+00
6.834833137829912086e-01	4.953201708219372001e+00
6.846567448680351831e-01	4.943409946022624624e+00
6.858301759530791575e-01	4.933618183825877246e+00
6.870036070381231319e-01	4.923826421629129868e+00
6.881770381231671063e-01	4.914034659432382490e+00
6.893504692082110807e-01	4.904242897235635112e+00
6.905239002932550552e-01	4.876277437993939756e+00
6.916973313782990296e-01	4.841800441622350348e+00
6.928707624633431150e-01	4.807323445250758276e+00
6.940441935483870894e-01	4.772846448879169756e+00
6.952176246334310639e-01	4.738369452507581236e+00
6.963910557184750383e-01	4.703892456135991829e+00
6.975644868035190127e-01	4.669415459764403309e+00
6.987379178885629871e-01	4.634938463392814789e+00
6.999113489736069615e-01	4.600461467021225381e+00
7.010847800586510470e-01	4.565984470649633309e+00
7.022582111436950214e-01	4.608917665888594861e+00
7.034316422287389958e-01	4.688239538215502655e+00
7.046050733137829702e-01	4.767561410542410449e+00
7.057785043988269447e-01	4.846883282869318244e+00
7.069519354838709191e-01	4.926205155196226038e+00
7.081253665689148935e-01	5.005527027523132944e+00
7.092987976539588679e-01	5.084848899850040738e+00
7.104722287390028423e-01	4.830005495490532930e+00
7.116456598240469278e-01	4.543621890112313544e+00
7.128190909090909022e-01	4.414525598627785818e+00
7.139925219941348766e-01	4.368121196259613370e+00
7.151659530791788510e-01	4.321716793891440034e+00
7.163393841642228255e-01	4.275312391523267586e+00
7.175128152492667999e-01	4.228907989155095137e+00
7.186862463343108853e-01	4.182503586786917360e+00
7.198596774193548598e-01	4.136099184418744912e+00
7.210331085043988342e-01	4.203660294915069429e+00
7.222065395894428086e-01	4.286700839373652983e+00
7.233799706744867830e-01	4.369741383832236536e+00
7.245534017595307574e-01	4.452781928290820090e+00
7.257268328445747319e-01	4.535822472749403644e+00
7.269002639296187063e-01	4.618863017207987198e+00
7.280736950146626807e-01	4.711752796657989073e+00
7.292471260997066551e-01	4.888227975764938726e+00
7.304205571847507406e-01	5.064703154871905255e+00
7.315939882697947150e-01	4.919934173615645001e+00
7.327674193548386894e-01	4.717171593974289756e+00
7.339408504398826638e-01	4.514409014332934511e+00
7.351142815249266382e-01	4.144197913000996714e+00
7.362877126099706127e-01	3.921998525896094989e+00
7.374611436950146981e-01	3.849281504686806521e+00
7.386345747800586725e-01	3.776564483477525158e+00
7.398080058651026469e-01	3.703847462268243795e+00
7.409814369501466214e-01	3.631130441058962433e+00
7.421548680351905958e-01	3.558413419849681070e+00
7.433282991202345702e-01	3.516663206239653228e+00
7.445017302052785446e-01	3.496739241963460199e+00
7.456751612903225190e-01	3.476815277687267614e+00
7.468485923753664935e-01	3.456891313411075028e+00
7.480220234604104679e-01	3.436967349134881999e+00
7.491954545454545533e-01	3.417043384858687638e+00
7.503688856304985277e-01	3.397119420582495053e+00
7.515423167155425022e-01	3.377195456306302024e+00
7.527157478005864766e-01	3.357271492030109439e+00
7.538891788856304510e-01	3.337347527753916410e+00
7.550626099706745364e-01	3.317423563477722048e+00
7.562360410557185109e-01	3.297499599201529463e+00
7.574094721407624853e-01	3.277575634925336434e+00
7.585829032258064597e-01	3.257651670649143849e+00
7.597563343108504341e-01	3.237727706372951264e+00
7.609297653958944085e-01	3.219123935757049804e+00
7.621031964809383830e-01	3.202497694754650404e+00
7.632766275659823574e-01	3.185871453752251004e+00
7.644500586510263318e-01	3.169245212749852048e+00
7.656234897360703062e-01	3.152618971747452647e+00
7.667969208211143917e-01	3.135992730745051915e+00
7.679703519061583661e-01	3.119366489742652959e+00
7.691437829912023405e-01	3.102740248740253559e+00
7.703172140762463149e-01	3.086114007737854603e+00
7.714906451612902893e-01	3.069487766735455203e+00
7.726640762463342638e-01	3.052861525733055803e+00
7.738375073313783492e-01	3.036235284730655071e+00
7.750109384164223236e-01	3.019609043728256115e+00
7.761843695014662980e-01	3.002982802725856715e+00
7.773578005865102725e-01	2.986356561723457759e+00
7.785312316715542469e-01	2.969372030042254806e+00
7.797046627565982213e-01	2.951072316036277066e+00
7.808780938416421957e-01	2.932772602030299769e+00
7.820515249266861701e-01	2.914472888024322472e+00
7.832249560117301446e-01	2.896173174018345176e+00
7.843983870967741190e-01	2.877873460012367879e+00
7.855718181818182044e-01	2.859573746006388806e+00
7.867452492668621788e-01	2.841274032000411509e+00
7.879186803519061533e-01	2.822974317994433768e+00
7.890921114369501277e-01	2.804674603988456472e+00
7.902655425219941021e-01	2.786374889982479175e+00
7.914389736070380765e-01	2.760366329683070052e+00
7.926124046920821620e-01	2.727909849621493521e+00
7.937858357771261364e-01	2.695453369559920098e+00
7.949592668621701108e-01	2.662996889498347119e+00
7.961326979472140852e-01	2.630540409436773697e+00
7.973061290322580597e-01	2.598083929375200274e+00
7.984795601173020341e-01	2.565627449313626851e+00
7.996529912023460085e-01	2.533170969252053872e+00
8.008264222873899829e-01	2.500714489190480450e+00
8.019998533724339573e-01	2.468258009128907027e+00
8.031732844574779318e-01	2.443472229334839430e+00
8.043467155425220172e-01	2.438022823668694272e+00
8.055201466275659916e-01	2.432573418002549115e+00
8.066935777126099660e-01	2.427124012336403958e+00
8.078670087976539405e-01	2.421674606670259244e+00
8.090404398826979149e-01	2.416225201004114087e+00
8.102138709677418893e-01	2.410775795337968930e+00
8.113873020527859747e-01	2.405326389671823328e+00
8.125607331378299492e-01	2.399876984005678615e+00
8.137341642228739236e-01	2.394427578339533458e+00
8.149075953079178980e-01	2.389647062489847151e+00
8.160810263929618724e-01	2.385247551191402415e+00
8.172544574780058468e-01	2.380848039892957679e+00
8.184278885630498213e-01	2.376448528594512943e+00
8.196013196480937957e-01	2.372049017296068207e+00
8.207747507331377701e-01	2.367649505997623471e+00
8.219481818181817445e-01	2.363249994699178291e+00
8.231216129032258300e-01	2.358850483400733111e+00
8.242950439882698044e-01	2.354450972102288375e+00
8.254684750733137788e-01	2.350051460803843639e+00
8.266419061583577532e-01	2.345651949505398903e+00
8.278153372434017276e-01	2.341252438206954167e+00
8.289887683284458131e-01	2.308184878769431680e+00
8.301621994134897875e-01	2.273445414596356073e+00
8.313356304985337619e-01	2.238705950423280910e+00
8.325090615835777363e-01	2.203966486250205303e+00
8.336824926686217108e-01	2.169227022077129696e+00
8.348559237536656852e-01	2.134487557904054533e+00
8.360293548387096596e-01	2.102747555568220239e+00
8.372027859237536340e-01	2.085663352641886625e+00
8.383762170087976084e-01	2.068579149715553012e+00
8.395496480938415829e-01	2.051494946789218954e+00
8.407230791788856683e-01	2.034410743862884008e+00
8.418965102639296427e-01	2.017326540936549950e+00
8.430699413489736171e-01	2.000242338010216336e+00
8.442433724340175916e-01	1.983158135083882723e+00
8.454168035190615660e-01	1.966073932157549109e+00
8.465902346041055404e-01	1.948989729231215273e+00
8.477636656891496258e-01	1.936547417296170082e+00
8.489370967741936003e-01	1.928339283667621196e+00
8.501105278592375747e-01	1.920131150039072088e+00
8.512839589442815491e-01	1.911923016410523202e+00
8.524573900293255235e-01	1.903714882781974316e+00
8.536308211143694979e-01	1.895506749153425430e+00
8.548042521994134724e-01	1.887298615524876322e+00
8.559776832844574468e-01	1.879090481896327436e+00
8.571511143695014212e-01	1.870882348267778550e+00
8.583245454545453956e-01	1.862674214639229664e+00
8.594979765395893700e-01	1.854466081010680778e+00
8.606714076246334555e-01	1.846257947382131004e+00
8.618448387096774299e-01	1.833824701356435050e+00
8.630182697947214043e-01	1.818869674621514942e+00
8.641917008797653788e-01	1.803914647886595057e+00
8.653651319648094642e-01	1.788959621151673618e+00
8.665385630498534386e-01	1.774004594416753511e+00
8.677119941348974130e-01	1.759049567681833626e+00
8.688854252199413875e-01	1.744094540946913519e+00
8.700588563049853619e-01	1.729139514211993633e+00
8.712322873900293363e-01	1.714184487477073526e+00
8.724057184750733107e-01	1.699229460742153641e+00
8.735791495601172851e-01	1.688504001255892728e+00
8.747525806451612596e-01	1.677867912506167736e+00
8.759260117302052340e-01	1.667231823756442965e+00
8.770994428152492084e-01	1.656595735006717973e+00
8.782728739002931828e-01	1.645959646256992981e+00
8.794463049853372683e-01	1.635323557507267100e+00
8.806197360703812427e-01	1.624687468757542108e+00
8.817931671554252171e-01	1.614051380007817116e+00
8.829665982404691915e-01	1.603415291258092124e+00
8.841400293255132770e-01	1.592779202508366243e+00
8.853134604105572514e-01	1.582143113758641251e+00
8.864868914956012258e-01	1.572024950390313869e+00
8.876603225806452002e-01	1.563248040452038801e+00
8.888337536656891746e-01	1.554471130513763732e+00
8.900071847507331491e-01	1.545694220575488886e+00
8.911806158357771235e-01	1.536917310637213818e+00
8.923540469208210979e-01	1.528140400698938750e+00
8.935274780058650723e-01	1.519363490760663682e+00
8.947009090909090467e-01	1.510586580822388836e+00
8.958743401759530212e-01	1.501809670884113768e+00
8.970477712609969956e-01	1.495260000000000034e+00
8.982212023460410810e-01	1.495260000000000034e+00
8.993946334310850554e-01	1.495260000000000034e+00
9.005680645161290299e-01	1.495260000000000034e+00
9.017414956011730043e-01	1.495260000000000034e+00
9.029149266862170897e-01	1.495260000000000034e+00
9.040883577712610641e-01	1.495260000000000034e+00
9.052617888563050386e-01	1.495260000000000034e+00
9.064352199413490130e-01	1.495260000000000034e+00
9.076086510263929874e-01	1.495260000000000034e+00
9.087820821114369618e-01	1.495260000000000034e+00
9.099555131964809362e-01	1.495260000000000034e+00
9.111289442815249107e-01	1.496332988789783824e+00
9.123023753665688851e-01	1.499411839520111034e+00
9.134758064516128595e-01	1.502490690250438021e+00
9.146492375366568339e-01	1.505569540980765009e+00
9.158226686217009194e-01	1.508648391711092440e+00
9.169960997067448938e-01	1.511727242441419428e+00
9.181695307917888682e-01	1.514806093171746415e+00
9.193429618768328426e-01	1.517884943902073624e+00
9.205163929618769281e-01	1.520963794632400834e+00
9.216898240469209025e-01	1.524042645362728043e+00
9.228632551319648769e-01	1.527121496093055031e+00
9.240366862170088513e-01	1.532110310030320166e+00
9.252101173020528257e-01	1.538002326283613108e+00
9.263835483870968002e-01	1.543894342536905828e+00
9.275569794721407746e-01	1.549786358790198770e+00
9.287304105571847490e-01	1.555678375043491490e+00
9.299038416422287234e-01	1.561570391296784210e+00
9.310772727272726978e-01	1.567462407550077153e+00
9.322507038123166723e-01	1.573354423803369873e+00
9.334241348973606467e-01	1.579246440056662815e+00
9.345975659824047321e-01	1.585138456309956201e+00
9.357709970674487066e-01	1.588627567598587254e+00
9.369444281524926810e-01	1.590662327091902473e+00
9.381178592375366554e-01	1.592697086585217470e+00
9.392912903225807408e-01	1.594731846078532689e+00
9.404647214076247153e-01	1.596766605571847686e+00
9.416381524926686897e-01	1.598801365065162905e+00
9.428115835777126641e-01	1.600836124558477902e+00
9.439850146627566385e-01	1.602870884051792899e+00
9.451584457478006129e-01	1.604905643545108118e+00
9.463318768328445874e-01	1.606940403038423115e+00
9.475053079178885618e-01	1.608975162531738112e+00
9.486787390029325362e-01	1.593054442022169059e+00
9.498521700879765106e-01	1.576255927331747131e+00
9.510256011730204850e-01	1.559457412641325202e+00
9.521990322580644595e-01	1.542658897950903052e+00
9.533724633431085449e-01	1.525860383260479569e+00
9.545458944281525193e-01	1.509061868570057641e+00
9.557193255131964937e-01	1.492853904935694809e+00
9.568927565982404682e-01	1.479365884775553752e+00
9.580661876832845536e-01	1.465877864615411363e+00
9.592396187683285280e-01	1.452389844455270307e+00
9.604130498533725024e-01	1.438901824295129250e+00
9.615864809384164769e-01	1.425413804134988194e+00
9.627599120234604513e-01	1.411925783974847137e+00
9.639333431085044257e-01	1.398437763814706081e+00
9.651067741935484001e-01	1.384949743654565024e+00
9.662802052785923745e-01	1.371461723494423968e+00
9.674536363636363490e-01	1.357973703334282911e+00
9.686270674486803234e-01	1.344405576126318724e+00
9.698004985337242978e-01	1.330654300101230536e+00
9.709739296187682722e-01	1.316903024076142348e+00
9.721473607038123577e-01	1.303151748051052827e+00
9.733207917888563321e-01	1.289400472025964639e+00
9.744942228739003065e-01	1.275649196000876451e+00
9.756676539589442809e-01	1.261897919975788263e+00
9.768410850439883664e-01	1.248623403972776380e+00
9.780145161290323408e-01	1.238837431527692656e+00
9.791879472140763152e-01	1.229051459082608933e+00
9.803613782991202896e-01	1.219265486637524987e+00
9.815348093841642640e-01	1.209479514192441263e+00
9.827082404692082385e-01	1.199693541747357539e+00
9.838816715542522129e-01	1.189907569302273815e+00
9.850551026392961873e-01	1.180121596857190092e+00
9.862285337243401617e-01	1.170335624412106146e+00
9.874019648093841361e-01	1.161304994213214759e+00
9.885753958944281106e-01	1.160211648929227124e+00
9.897488269794721960e-01	1.159118303645239489e+00
9.909222580645161704e-01	1.158024958361252077e+00
9.920956891495601448e-01	1.156931613077264442e+00
9.932691202346041193e-01	1.155838267793276808e+00
9.944425513196482047e-01	1.154744922509289173e+00
9.956159824046921791e-01	1.153651577225301761e+00
9.967894134897361536e-01	1.152558231941314126e+00
9.979628445747801280e-01	1.157459154640829935e+00
9.991362756598241024e-01	1.169088843469502814e+00
1.000309706744868077e+00	1.180718532298175916e+00
1.001483137829912051e+00	1.192348221126848795e+00
1.002656568914956026e+00	1.203977909955521897e+00
1.003830000000000000e+00	1.215607598784194776e+00
1.005003431085043974e+00	1.227237287612867878e+00
1.006176862170087949e+00	1.238866976441540757e+00
1.007350293255131923e+00	1.250253871640786496e+00
1.008523724340176120e+00	1.257830517378973667e+00
1.009697155425219872e+00	1.265407163117157729e+00
1.010870586510264069e+00	1.272983808855344678e+00
1.012044017595307821e+00	1.280560454593528963e+00
1.013217448680352017e+00	1.288137100331715912e+00
1.014390879765395992e+00	1.295713746069901529e+00
1.015564310850439966e+00	1.303290391808087145e+00
1.016737741935483941e+00	1.311150087851751023e+00
1.017911173020527915e+00	1.319806014600362731e+00
1.019084604105571890e+00	1.328461941348974218e+00
1.020258035190615864e+00	1.337117868097585704e+00
1.021431466275659838e+00	1.345773794846197191e+00
1.022604897360703813e+00	1.354429721594808900e+00
1.023778328445747787e+00	1.363085648343420386e+00
1.024951759530791762e+00	1.371741575092031873e+00
1.026125190615835736e+00	1.376410228355256615e+00
1.027298621700879711e+00	1.369216089412997439e+00
1.028472052785923907e+00	1.362021950470737153e+00
1.029645483870967659e+00	1.354827811528479531e+00
1.030818914956011856e+00	1.347633672586219022e+00
1.031992346041055830e+00	1.340439533643960068e+00
1.033165777126099805e+00	1.333245394701700892e+00
1.034339208211143779e+00	1.326051255759441938e+00
1.035512639296187754e+00	1.318857116817182984e+00
1.036686070381231728e+00	1.311662977874923808e+00
1.037859501466275702e+00	1.293698270099136849e+00
1.039032932551319677e+00	1.268938468173192335e+00
1.040206363636363651e+00	1.244178666247247600e+00
1.041379794721407626e+00	1.219418864321302864e+00
1.042553225806451600e+00	1.194659062395358129e+00
1.043726656891495574e+00	1.168412077670022642e+00
1.044900087976539549e+00	1.141488894330807247e+00
1.046073519061583745e+00	1.114565710991586744e+00
1.047246950146627498e+00	1.087642527652376678e+00
1.048420381231671694e+00	1.064995771735848473e+00
1.049593812316715447e+00	1.045448001822418149e+00
1.050767243401759643e+00	1.025900231908980276e+00
1.051940674486803617e+00	1.006352461995545955e+00
1.053114105571847592e+00	9.892904620151604655e-01
1.054287536656891566e+00	9.733701756210919598e-01
1.055460967741935541e+00	9.574498892270234540e-01
1.056634398826979515e+00	9.415296028329549483e-01
1.057807829912023490e+00	9.256093164388865535e-01
1.058981260997067464e+00	9.096890300448179367e-01
1.060154692082111438e+00	8.937687436507495420e-01
1.061328123167155413e+00	8.847808912638494006e-01
1.062501554252199387e+00	8.764765182861066206e-01
1.063674985337243584e+00	8.681721453083622864e-01
1.064848416422287336e+00	8.598677723306210607e-01
1.066021847507331533e+00	8.515633993528767265e-01
1.067195278592375285e+00	8.432590263751355009e-01
1.068368709677419481e+00	8.349546533973911666e-01
1.069542140762463456e+00	8.266502804196483867e-01
1.070715571847507430e+00	8.192209286547805780e-01
1.071889002932551405e+00	8.126700161544001544e-01
1.073062434017595379e+00	8.061191036540197308e-01
1.074235865102639353e+00	7.995681911536393072e-01
1.075409296187683328e+00	7.930172786532588836e-01
1.076582727272727302e+00	7.864663661528784599e-01
1.077756158357771277e+00	7.799154536524980363e-01
1.078929589442815251e+00	7.733645411521176127e-01
1.080103020527859226e+00	7.668136286517371891e-01
1.081276451612903200e+00	7.602627161513568765e-01
1.082449882697947174e+00	7.537118036509764529e-01
1.083623313782991371e+00	7.471608911505946971e-01
1.084796744868035123e+00	7.410385708488171908e-01
1.085970175953079320e+00	7.368080058298130952e-01
1.087143607038123294e+00	7.325774408108096658e-01
1.088317038123167269e+00	7.283468757918063474e-01
1.089490469208211243e+00	7.241163107728030290e-01
1.090663900293255217e+00	7.198857457537997107e-01
1.091837331378299192e+00	7.156551807347962812e-01
1.093010762463343166e+00	7.114246157157929629e-01
1.094184193548387141e+00	7.071940506967896445e-01
1.095357624633431115e+00	7.029634856777862151e-01
1.096531055718475089e+00	6.987329206587828967e-01
1.097704486803519064e+00	6.945023556397795783e-01
1.098877917888563038e+00	6.902717906207762599e-01
1.100051348973607013e+00	6.860412256017728305e-01
1.101224780058651209e+00	6.818384785741097298e-01
1.102398211143694962e+00	6.789252024373662042e-01
1.103571642228739158e+00	6.760119263006215684e-01
1.104745073313782910e+00	6.730986501638780428e-01
1.105918504398827107e+00	6.701853740271332960e-01
1.107091935483870859e+00	6.672720978903897704e-01
1.108265366568915056e+00	6.643588217536451346e-01
1.109438797653959030e+00	6.614455456169010539e-01
1.110612228739003005e+00	6.585322694801569732e-01
1.111785659824046979e+00	6.556189933434128925e-01
1.112959090909090953e+00	6.527057172066688118e-01
1.114132521994134928e+00	6.497924410699247311e-01
1.115305953079178902e+00	6.468791649331805393e-01
1.116479384164222877e+00	6.439658887964364586e-01
1.117652815249266851e+00	6.410526126596923779e-01
1.118826246334311048e+00	6.381506371340521788e-01
1.119999677419354800e+00	6.352836864406782302e-01
1.121173108504398996e+00	6.324167357473032824e-01
1.122346539589442749e+00	6.295497850539293339e-01
1.123519970674486945e+00	6.266828343605543861e-01
1.124693401759530698e+00	6.238158836671805485e-01
1.125866832844574894e+00	6.209489329738054897e-01
1.127040263929618868e+00	6.180819822804310970e-01
1.128213695014662843e+00	6.152150315870565933e-01
1.129387126099706817e+00	6.123480808936822006e-01
1.130560557184750792e+00	6.096100101042775110e-01
1.131733988269794766e+00	6.074287395701163383e-01
1.132907419354838741e+00	6.052474690359550547e-01
1.134080850439882715e+00	6.030661985017938820e-01
1.135254281524926689e+00	6.008849279676325983e-01
1.136427712609970886e+00	5.987036574334709815e-01
1.137601143695014638e+00	5.965223868993101419e-01
1.138774574780058835e+00	5.943411163651485252e-01
1.139948005865102587e+00	5.921598458309876856e-01
1.141121436950146784e+00	5.899785752968260688e-01
1.142294868035190536e+00	5.877973047626652292e-01
1.143468299120234732e+00	5.856160342285036124e-01
1.144641730205278707e+00	5.836519462135200120e-01
1.145815161290322681e+00	5.822164356829947485e-01
1.146988592375366656e+00	5.807809251524695959e-01
1.148162023460410630e+00	5.793454146219444434e-01
1.149335454545454605e+00	5.779099040914192909e-01
1.150508885630498579e+00	5.764743935608941383e-01
1.151682316715542553e+00	5.750388830303688747e-01
1.152855747800586528e+00	5.736033724998437222e-01
1.154029178885630724e+00	5.721678619693182366e-01
1.155202609970674477e+00	5.707323514387934171e-01
1.156376041055718673e+00	5.692968409082679315e-01
1.157549472140762425e+00	5.678613303777430010e-01
1.158722903225806622e+00	5.664258198472176264e-01
1.159896334310850374e+00	5.649903093166926960e-01
1.161069765395894571e+00	5.635547987861672103e-01
1.162243196480938323e+00	5.620818696338019116e-01
1.163416627565982520e+00	5.602899514064599851e-01
1.164590058651026494e+00	5.584980331791185026e-01
1.165763489736070468e+00	5.567061149517769092e-01
1.166936920821114443e+00	5.549141967244354268e-01
1.168110351906158417e+00	5.531222784970938333e-01
1.169283782991202392e+00	5.513303602697522399e-01
1.170457214076246366e+00	5.495384420424107574e-01
1.171630645161290341e+00	5.477465238150691640e-01
1.172804076246334315e+00	5.459546055877276816e-01
1.173977507331378511e+00	5.441626873603857550e-01
1.175150938416422264e+00	5.423707691330446057e-01
1.176324369501466460e+00	5.405788509057026792e-01
1.177497800586510213e+00	5.387869326783615298e-01
1.178671231671554409e+00	5.369950144510196033e-01
1.179844662756598161e+00	5.364586214478008763e-01
1.181018093841642358e+00	5.360003883811492731e-01
1.182191524926686332e+00	5.355421553144977809e-01
1.183364956011730307e+00	5.350839222478463997e-01
1.184538387096774281e+00	5.346256891811949075e-01
1.185711818181818256e+00	5.341674561145434152e-01
1.186885249266862230e+00	5.337092230478919230e-01
1.188058680351906204e+00	5.332509899812404308e-01
1.189232111436950179e+00	5.327927569145889386e-01
1.190405542521994153e+00	5.323345238479374464e-01
1.191578973607038350e+00	5.318762907812859542e-01
1.192752404692082102e+00	5.314180577146345730e-01
1.193925835777126299e+00	5.309598246479829697e-01
1.195099266862170051e+00	5.305015915813315885e-01
1.196272697947214247e+00	5.300433585146799853e-01
1.197446129032258000e+00	5.299622217355457465e-01
1.198619560117302196e+00	5.321675598690193132e-01
1.199792991202345949e+00	5.343728980024921027e-01
1.200966422287390145e+00	5.365782361359657804e-01
1.202139853372434120e+00	5.387835742694390140e-01
1.203313284457478094e+00	5.409889124029121366e-01
1.204486715542522068e+00	5.431942505363853702e-01
1.205660146627566043e+00	5.453995886698586038e-01
1.206833577712610017e+00	5.476049268033318373e-01
1.208007008797653992e+00	5.498102649368050709e-01
1.209180439882698188e+00	5.520156030702786376e-01
1.210353870967741940e+00	5.579277182314749117e-01
1.211527302052786137e+00	5.679862345291540882e-01
1.212700733137829889e+00	5.780447508268294898e-01
1.213874164222874086e+00	5.881032671245085552e-01
1.215047595307917838e+00	5.981617834221839569e-01
1.216221026392962035e+00	6.082202997198631333e-01
1.217394457478005787e+00	6.182788160175384240e-01
1.218567888563049983e+00	6.283373323152176004e-01
1.219741319648093958e+00	6.493970550269597686e-01
1.220914750733137932e+00	6.828705858699716247e-01
1.222088181818181907e+00	7.163441167129834808e-01
1.223261612903225881e+00	7.498176475559953369e-01
1.224435043988269856e+00	7.767939853947452011e-01
1.225608475073313830e+00	7.988036005100683790e-01
1.226781906158357804e+00	8.208132156253915568e-01
1.227955337243401779e+00	8.428228307407147346e-01
1.229128768328445975e+00	8.648324458560421313e-01
1.230302199413489728e+00	8.868420609713610903e-01
1.231475630498533924e+00	9.088516760866884869e-01
1.232649061583577677e+00	9.375066270038309169e-01
1.233822492668621873e+00	9.968155080434434323e-01
1.234995923753665625e+00	1.056124389083033632e+00
1.236169354838709822e+00	1.100514032704854372e+00
1.237342785923753796e+00	1.130613677711799436e+00
1.238516217008797771e+00	1.160713322718744722e+00
1.239689648093841745e+00	1.190812967725689786e+00
1.240863079178885720e+00	1.220912612732634850e+00
1.242036510263929694e+00	1.251012257739580136e+00
1.243209941348973668e+00	1.277051595959596053e+00
1.244383372434017643e+00	1.295805632323232093e+00
1.245556803519061617e+00	1.314559668686868132e+00
1.246730234604105814e+00	1.333313705050507725e+00
1.247903665689149566e+00	1.352067741414140212e+00
1.249077096774193762e+00	1.370821777777779804e+00
1.250250527859237515e+00	1.365219308892945183e+00
1.251423958944281711e+00	1.343748771357022864e+00
1.252597390029325464e+00	1.322278233821108540e+00
1.253770821114369660e+00	1.300807696285185999e+00
1.254944252199413413e+00	1.279337158749271675e+00
1.256117683284457609e+00	1.257866621213349134e+00
1.257291114369501583e+00	1.236396083677430813e+00
1.258464545454545558e+00	1.195341509433956118e+00
1.259637976539589532e+00	1.150529726110768092e+00
1.260811407624633507e+00	1.105717942787580066e+00
1.261984838709677481e+00	1.060906159464392040e+00
1.263158269794721456e+00	1.019728751936891609e+00
1.264331700879765430e+00	9.861911691787572654e-01
1.265505131964809404e+00	9.526535864206229220e-01
1.266678563049853601e+00	9.191160036624822505e-01
1.267851994134897353e+00	8.830844511893852777e-01
1.269025425219941550e+00	8.435986235617927154e-01
1.270198856304985302e+00	8.041127959342151410e-01
1.271372287390029499e+00	7.646269683066225786e-01
1.272545718475073251e+00	7.351245268371047192e-01
1.273719149560117447e+00	7.146649524829318256e-01
1.274892580645161422e+00	6.942053781287628178e-01
1.276066011730205396e+00	6.737458037745938100e-01
1.277239442815249371e+00	6.530350103387669858e-01
1.278412873900293345e+00	6.319731423756431710e-01
1.279586304985337319e+00	6.109112744125193561e-01
1.280759736070381294e+00	5.898494064493955413e-01
1.281933167155425268e+00	5.687875384862717265e-01
1.283106598240469243e+00	5.480940024767148033e-01
1.284280029325513439e+00	5.274373594122707676e-01
1.285453460410557192e+00	5.067807163478347254e-01
1.286626891495601388e+00	4.941045727117593378e-01
1.287800322580645140e+00	4.863309612415703254e-01
1.288973753665689337e+00	4.785573497713783708e-01
1.290147184750733089e+00	4.707837383011893584e-01
1.291320615835777286e+00	4.630101268309973483e-01
1.292494046920821260e+00	4.552365153608068371e-01
1.293667478005865235e+00	4.474629038906163814e-01
1.294840909090909209e+00	4.428205252525250768e-01
1.296014340175953183e+00	4.387178624959267581e-01
1.297187771260997158e+00	4.346151997393284949e-01
1.298361202346041132e+00	4.305125369827301762e-01
1.299534633431085107e+00	4.264098742261318575e-01
1.300708064516129081e+00	4.228233436255790512e-01
1.301881495601173278e+00	4.238504652932184591e-01
1.303054926686217030e+00	4.248775869608575340e-01
1.304228357771261226e+00	4.259047086284969419e-01
1.305401788856304979e+00	4.269318302961360168e-01
1.306575219941349175e+00	4.279589519637754247e-01
1.307748651026392928e+00	4.289860736314144996e-01
1.308922082111437124e+00	4.324887687796089564e-01
1.310095513196480876e+00	4.409248356417774239e-01
1.311268944281525073e+00	4.493609025039490557e-01
1.312442375366569047e+00	4.577969693661191330e-01
1.313615806451613022e+00	4.662330362282891549e-01
1.314789237536656996e+00	4.746691030904592323e-01
1.315962668621700971e+00	4.906996288679889573e-01
1.317136099706744945e+00	5.086906158357792362e-01
1.318309530791788919e+00	5.266816028035694597e-01
1.319482961876832894e+00	5.446725897713596831e-01
1.320656392961876868e+00	5.626635767391499066e-01
1.321829824046921065e+00	5.806545637069435717e-01
1.323003255131964817e+00	5.998331297454619904e-01
1.324176686217009014e+00	6.196990344065389511e-01
1.325350117302052766e+00	6.395649390676083623e-01
1.326523548387096962e+00	6.594308437286852120e-01
1.327696979472140715e+00	6.792967483897546233e-01
1.328870410557184911e+00	6.991626530508314730e-01
1.330043841642228886e+00	7.190285577119046589e-01
1.331217272727272860e+00	7.388944623729778449e-01
1.332390703812316834e+00	7.587603670340509199e-01
1.333564134897360809e+00	7.786262716951241059e-01
1.334737565982404783e+00	7.984921763561971808e-01
1.335910997067448758e+00	8.263189350596713556e-01
1.337084428152492732e+00	8.689137454397951599e-01
1.338257859237536707e+00	9.115085558199190752e-01
1.339431290322580903e+00	9.541033662000509841e-01
1.340604721407624655e+00	9.966981765801667947e-01
1.341778152492668852e+00	1.039292986960298704e+00
1.342951583577712604e+00	1.081887797340414625e+00
1.344125014662756801e+00	1.145674680293462089e+00
1.345298445747800553e+00	1.225109337399282072e+00
1.346471876832844750e+00	1.304543994505132254e+00
1.347645307917888502e+00	1.383978651610952459e+00
1.348818739002932698e+00	1.463413308716802419e+00
1.349992170087976673e+00	1.553840658475264203e+00
1.351165601173020647e+00	1.657978314783729479e+00
1.352339032258064622e+00	1.762115971092194755e+00
1.353512463343108596e+00	1.866253627400660031e+00
1.354685894428152571e+00	1.970391283709125307e+00
1.355859325513196545e+00	2.074528940017590806e+00
1.357032756598240741e+00	2.241994148799130837e+00
1.358206187683284494e+00	2.436450763072190107e+00
1.359379618768328690e+00	2.630907377345323539e+00
1.360553049853372443e+00	2.825363991618383253e+00
1.361726480938416639e+00	3.019820605891516685e+00
1.362899912023460391e+00	3.295156999184710500e+00
1.364073343108504588e+00	3.593916935544746671e+00
1.365246774193548340e+00	3.892676871904669600e+00
1.366420205278592537e+00	4.191436808264705327e+00
1.367593636363636511e+00	4.780949369539604810e+00
1.368767067448680486e+00	5.515087478691459211e+00
1.369940498533724460e+00	6.249225587843312724e+00
1.371113929618768434e+00	7.346623547578304603e+00
1.372287360703812409e+00	8.841416889171753724e+00
1.373460791788856383e+00	9.334359789852314293e+00
1.374634222873900358e+00	9.827302690532874863e+00
1.375807653958944332e+00	1.066456544522857719e+01
1.376981085043988529e+00	1.147116722686826407e+01
1.378154516129032281e+00	1.206916442136502354e+01
1.379327947214076477e+00	1.266716161586201217e+01
1.380501378299120230e+00	1.342224419081336428e+01
1.381674809384164426e+00	1.442861030510707820e+01
1.382848240469208179e+00	1.514158472011273382e+01
1.384021671554252375e+00	1.575143057043848316e+01
1.385195102639296350e+00	1.636127642076411703e+01
1.386368533724340324e+00	1.683254198073398200e+01
1.387541964809384298e+00	1.714043010189968186e+01
1.388715395894428273e+00	1.744831822306537816e+01
1.389888826979472247e+00	1.734434670753161001e+01
1.391062258064516222e+00	1.695062337214788073e+01
1.392235689149560196e+00	1.655690003676414790e+01
1.393409120234604170e+00	1.613821472704416848e+01
1.394582551319648367e+00	1.547606128118198043e+01
1.395755982404692119e+00	1.481390783532004107e+01
1.396929413489736316e+00	1.415175438945785302e+01
1.398102844574780068e+00	1.360860050993092685e+01
1.399276275659824265e+00	1.309299540357783087e+01
1.400449706744868017e+00	1.257739029722493029e+01
1.401623137829912213e+00	1.206178519087183432e+01
1.402796568914955966e+00	1.039406743279576872e+01
1.403970000000000162e+00	9.396570326409406704e+00
1.405143431085044137e+00	8.765807593306368162e+00
1.406316862170088111e+00	8.135044860203329620e+00
1.407490293255132086e+00	7.560906721636046157e+00
1.408663724340176060e+00	7.000064572571060850e+00
1.409837155425220034e+00	6.439222423506074655e+00
1.411010586510264009e+00	5.913125197053123117e+00
1.412184017595307983e+00	5.417980209570115946e+00
1.413357448680351958e+00	4.922835222087107887e+00
1.414530879765396154e+00	4.427224825499041394e+00
1.415704310850439906e+00	3.918720526734950305e+00
1.416877741935484103e+00	3.410216227970666480e+00
1.418051173020527855e+00	3.011412570685570333e+00
1.419224604105572052e+00	2.801456967299260636e+00
1.420398035190615804e+00	2.591501363913030431e+00
1.421571466275660001e+00	2.381545760526720734e+00
1.422744897360703975e+00	2.171590157140451005e+00
1.423918328445747949e+00	2.013972395212545230e+00
1.425091759530791924e+00	1.865534472057587934e+00
1.426265190615835898e+00	1.717096548902630637e+00
1.427438621700879873e+00	1.568658625747673341e+00
1.428612052785923847e+00	1.444132445416540955e+00
1.429785483870967822e+00	1.365483324402521070e+00
1.430958914956011796e+00	1.286834203388500963e+00
1.432132346041055992e+00	1.208185082374466202e+00
1.433305777126099745e+00	1.129535961360461194e+00
1.434479208211143941e+00	1.059470699615544520e+00
1.435652639296187694e+00	1.021239858760863761e+00
1.436826070381231890e+00	9.830090179061684585e-01
1.437999501466275643e+00	9.447781770514876998e-01
1.439172932551319839e+00	9.065473361967923971e-01
1.440346363636363813e+00	8.683164953421044219e-01
1.441519794721407788e+00	8.300856544874164467e-01
1.442693225806451762e+00	7.918548136327283604e-01
1.443866656891495737e+00	7.536239727780402742e-01
1.445040087976539711e+00	7.153931319233522990e-01
1.446213519061583685e+00	6.881988638695136773e-01
1.447386950146627660e+00	6.694861625027174190e-01
1.448560381231671634e+00	6.507734611359211607e-01
1.449733812316715831e+00	6.320607597691212387e-01
1.450907243401759583e+00	6.133480584023285331e-01
1.452080674486803780e+00	5.946353570355287221e-01
1.453254105571847532e+00	5.759226556687359055e-01
1.454427536656891728e+00	5.572099543019360945e-01
1.455600967741935481e+00	5.384972529351433890e-01
1.456774398826979677e+00	5.197845515683434670e-01
1.457947829912023430e+00	5.062214689826317615e-01
1.459121260997067626e+00	4.931151464019842279e-01
1.460294692082111601e+00	4.800088238213390812e-01
1.461468123167155575e+00	4.669025012406939901e-01
1.462641554252199549e+00	4.537961786600488434e-01
1.463814985337243524e+00	4.406898560794037523e-01
1.464988416422287498e+00	4.275835334987586611e-01
1.466161847507331473e+00	4.144772109181135145e-01
1.467335278592375447e+00	4.013708883374684233e-01
1.468508709677419422e+00	3.882645657568233322e-01
1.469682140762463618e+00	3.751582431761757430e-01
1.470855571847507370e+00	3.683354275356386931e-01
1.472029002932551567e+00	3.627103072491300595e-01
1.473202434017595319e+00	3.570851869626235353e-01
1.474375865102639516e+00	3.514600666761149017e-01
1.475549296187683268e+00	3.458349463896084330e-01
1.476722727272727465e+00	3.402098261030997994e-01
1.477896158357771439e+00	3.345847058165922205e-01
1.479069589442815413e+00	3.289595855300846416e-01
1.480243020527859388e+00	3.233344652435770628e-01
1.481416451612903362e+00	3.177093449570695394e-01
1.482589882697947337e+00	3.120842246705619605e-01
1.483763313782991311e+00	3.064591043840543816e-01
1.484936744868035285e+00	3.014695766369815955e-01
1.486110175953079260e+00	2.978241091778223715e-01
1.487283607038123456e+00	2.941786417186624814e-01
1.488457038123167209e+00	2.905331742595039235e-01
1.489630469208211405e+00	2.868877068003439779e-01
1.490803900293255158e+00	2.832422393411854200e-01
1.491977331378299354e+00	2.795967718820255299e-01
1.493150762463343106e+00	2.759513044228669720e-01
1.494324193548387303e+00	2.723058369637070264e-01
1.495497624633431055e+00	2.686603695045485241e-01
1.496671055718475252e+00	2.650149020453885784e-01
1.497844486803519226e+00	2.613694345862293544e-01
1.499017917888563201e+00	2.577239671270701304e-01
1.500191348973607175e+00	2.540784996679108509e-01
1.501364780058651149e+00	2.504330322087516270e-01
1.502538211143695124e+00	2.467875647495924030e-01
1.503711642228739098e+00	2.432525248916208305e-01
1.504885073313783295e+00	2.406723057530780752e-01
1.506058504398827047e+00	2.380920866145363191e-01
1.507231935483871244e+00	2.355118674759935637e-01
1.508405366568914996e+00	2.329316483374517799e-01
1.509578797653959192e+00	2.303514291989090246e-01
1.510752228739002945e+00	2.277712100603672407e-01
1.511925659824047141e+00	2.251909909218244854e-01
1.513099090909090894e+00	2.226107717832827293e-01
1.514272521994135090e+00	2.200305526447399740e-01
1.515445953079179064e+00	2.174503335061977183e-01
1.516619384164223039e+00	2.148701143676554348e-01
1.517792815249267013e+00	2.122898952291131791e-01
1.518966246334310988e+00	2.097096760905709234e-01
1.520139677419354962e+00	2.077553253969459668e-01
1.521313108504398937e+00	2.062883980990311561e-01
1.522486539589442911e+00	2.048214708011163732e-01
1.523659970674486885e+00	2.033545435032015625e-01
1.524833401759531082e+00	2.018876162052864742e-01
1.526006832844574834e+00	2.004206889073719411e-01
1.527180263929619031e+00	1.989537616094568528e-01
1.528353695014662783e+00	1.974868343115423197e-01
1.529527126099706980e+00	1.960199070136272315e-01
1.530700557184750732e+00	1.945529797157126983e-01
1.531873988269794928e+00	1.930860524177976101e-01
1.533047419354838903e+00	1.916191251198827994e-01
1.534220850439882877e+00	1.901521978219679887e-01
1.535394281524926852e+00	1.886852705240531780e-01
1.536567712609970826e+00	1.872183432261383673e-01
1.537741143695014800e+00	1.857514159282235566e-01
1.538914574780058775e+00	1.842844886303087459e-01
1.540088005865102749e+00	1.828175613323939352e-01
1.541261436950146724e+00	1.814611201387820172e-01
1.542434868035190920e+00	1.802134010408657505e-01
1.543608299120234673e+00	1.789656819429499279e-01
1.544781730205278869e+00	1.777179628450336335e-01
1.545955161290322621e+00	1.764702437471178387e-01
1.547128592375366818e+00	1.752225246492015442e-01
1.548302023460410570e+00	1.739748055512857494e-01
1.549475454545454767e+00	1.727270864533694550e-01
1.550648885630498519e+00	1.714793673554536324e-01
1.551822316715542716e+00	1.702316482575373380e-01
1.552995747800586690e+00	1.689839291596212933e-01
1.554169178885630664e+00	1.677362100617052487e-01
1.555342609970674639e+00	1.664884909637892041e-01
1.556516041055718613e+00	1.658146606528801692e-01
1.557689472140762588e+00	1.651494632039151034e-01
1.558862903225806562e+00	1.644842657549500375e-01
1.560036334310850537e+00	1.638190683059849995e-01
1.561209765395894511e+00	1.631538708570199336e-01
1.562383196480938707e+00	1.624886734080547568e-01
1.563556627565982460e+00	1.618234759590898020e-01
1.564730058651026656e+00	1.611582785101246251e-01
1.565903489736070409e+00	1.604930810611596981e-01
1.567076920821114605e+00	1.598278836121945212e-01
1.568250351906158357e+00	1.591626861632295664e-01
1.569423782991202554e+00	1.584974887142643896e-01
1.570597214076246528e+00	1.578322912652993237e-01
1.571770645161290503e+00	1.571670938163342857e-01
1.572944076246334477e+00	1.565018963673692198e-01
1.574117507331378452e+00	1.559367746408867050e-01
1.575290938416422426e+00	1.558114760673989518e-01
1.576464369501466400e+00	1.556861774939112264e-01
1.577637800586510375e+00	1.555608789204234732e-01
1.578811231671554349e+00	1.554355803469357200e-01
1.579984662756598546e+00	1.553102817734479668e-01
1.581158093841642298e+00	1.551849831999602414e-01
1.582331524926686495e+00	1.550596846264724604e-01
1.583504956011730247e+00	1.549343860529847350e-01
1.584678387096774443e+00	1.548090874794969818e-01
1.585851818181818196e+00	1.547193614280456264e-01
1.587025249266862392e+00	1.548690095218872853e-01
1.588198680351906367e+00	1.550186576157289442e-01
1.589372111436950341e+00	1.551683057095705753e-01
1.590545542521994316e+00	1.553179538034122065e-01
1.591718973607038290e+00	1.554676018972538654e-01
1.592892404692082264e+00	1.556172499910954965e-01
1.594065835777126239e+00	1.557668980849371276e-01
1.595239266862170213e+00	1.559165461787787865e-01
1.596412697947214188e+00	1.564011176094307343e-01
1.597586129032258384e+00	1.570227369094399639e-01
1.598759560117302136e+00	1.576443562094489714e-01
1.599932991202346333e+00	1.582659755094582288e-01
1.601106422287390085e+00	1.588875948094672363e-01
1.602279853372434282e+00	1.595092141094764659e-01
1.603453284457478034e+00	1.601308334094854735e-01
1.604626715542522231e+00	1.607524527094947309e-01
1.605800146627565983e+00	1.613740720095037384e-01
1.606973577712610179e+00	1.626077227604001696e-01
1.608147008797653932e+00	1.641230661125145929e-01
1.609320439882698128e+00	1.656384094646295435e-01
1.610493870967741881e+00	1.671537528167439668e-01
1.611667302052786077e+00	1.686690961688589452e-01
1.612840733137830274e+00	1.701844395209739236e-01
1.614014164222874026e+00	1.716997828730883191e-01
1.615187595307918222e+00	1.732151262252032975e-01
1.616361026392961975e+00	1.747304695773176930e-01
1.617534457478006171e+00	1.762458129294326714e-01
1.618707888563049924e+00	1.777611562815470669e-01
1.619881319648094120e+00	1.792764996336620453e-01
1.621054750733137872e+00	1.807918429857764686e-01
1.622228181818182069e+00	1.824186420811896303e-01
1.623401612903225821e+00	1.847116297423411491e-01
1.624575043988270018e+00	1.870046174034935560e-01
1.625748475073313770e+00	1.892976050646450747e-01
1.626921906158357967e+00	1.915905927257974817e-01
1.628095337243401719e+00	1.938835803869490004e-01
1.629268768328445915e+00	1.961765680481014074e-01
1.630442199413490112e+00	1.984695557092538143e-01
1.631615630498533864e+00	2.007625433704053330e-01
1.632789061583578061e+00	2.030555310315577400e-01
1.633962492668621813e+00	2.053485186927092587e-01
1.635135923753666010e+00	2.076415063538616657e-01
1.636309354838709762e+00	2.099344940150131844e-01
1.637482785923753958e+00	2.122274816761655913e-01
1.638656217008797711e+00	2.152088930142097567e-01
1.639829648093841907e+00	2.186621765772697734e-01
1.641003079178885660e+00	2.221154601403284579e-01
1.642176510263929856e+00	2.255687437033884468e-01
1.643349941348973609e+00	2.290220272664471590e-01
1.644523372434017805e+00	2.324753108295071480e-01
1.645696803519061557e+00	2.359285943925658602e-01
1.646870234604105754e+00	2.393818779556258491e-01
1.648043665689149506e+00	2.428351615186845336e-01
1.649217096774193703e+00	2.462884450817445503e-01
1.650390527859237899e+00	2.497417286448045393e-01
1.651563958944281651e+00	2.531950122078632237e-01
1.652737390029325848e+00	2.566482957709232404e-01
1.653910821114369600e+00	2.607359094323330462e-01
1.655084252199413797e+00	2.655655125136351380e-01
1.656257683284457549e+00	2.703951155949354535e-01
1.657431114369501746e+00	2.752247186762375453e-01
1.658604545454545498e+00	2.800543217575378052e-01
1.659777976539589694e+00	2.848839248388399525e-01
1.660951407624633447e+00	2.897135279201402125e-01
1.662124838709677643e+00	2.945431310014423598e-01
1.663298269794721396e+00	2.993727340827426198e-01
1.664471700879765592e+00	3.042023371640447671e-01
1.665645131964809345e+00	3.090319402453450270e-01
1.666818563049853541e+00	3.138615433266471189e-01
1.667991994134897737e+00	3.186911464079492662e-01
1.669165425219941490e+00	3.235207494892495261e-01
1.670338856304985686e+00	3.298323160747831939e-01
1.671512287390029439e+00	3.362737946530605093e-01
1.672685718475073635e+00	3.427152732313402672e-01
1.673859149560117388e+00	3.491567518096175826e-01
1.675032580645161584e+00	3.555982303878973405e-01
1.676206011730205336e+00	3.620397089661746559e-01
1.677379442815249533e+00	3.684811875444544138e-01
1.678552873900293285e+00	3.749226661227317292e-01
1.679726304985337482e+00	3.813641447010114871e-01
1.680899736070381234e+00	3.878056232792888025e-01
1.682073167155425431e+00	3.942471018575685604e-01
1.683246598240469183e+00	4.008452654152724892e-01
1.684420029325513379e+00	4.080032688811839892e-01
1.685593460410557576e+00	4.151612723470955446e-01
1.686766891495601328e+00	4.223192758130043800e-01
1.687940322580645525e+00	4.294772792789158800e-01
1.689113753665689277e+00	4.366352827448247154e-01
1.690287184750733473e+00	4.437932862107362153e-01
1.691460615835777226e+00	4.509512896766450507e-01
1.692634046920821422e+00	4.581092931425566062e-01
1.693807478005865175e+00	4.652672966084653861e-01
1.694980909090909371e+00	4.724253000743769415e-01
1.696154340175953124e+00	4.795833035402857769e-01
1.697327771260997320e+00	4.867413070061972769e-01
1.698501202346041072e+00	4.938993104721061123e-01
1.699674633431085269e+00	5.032536261826267010e-01
1.700848064516129021e+00	5.136549126007345922e-01
1.702021495601173218e+00	5.240561990188464803e-01
1.703194926686216970e+00	5.344574854369543715e-01
1.704368357771261167e+00	5.448587718550662595e-01
1.705541788856305363e+00	5.552600582731780365e-01
1.706715219941349115e+00	5.656613446912860388e-01
1.707888651026393312e+00	5.760626311093978158e-01
1.709062082111437064e+00	5.864639175275057070e-01
1.710235513196481261e+00	5.968652039456175951e-01
1.711408944281525013e+00	6.072664903637254863e-01
1.712582375366569210e+00	6.176677767818373743e-01
1.713755806451612962e+00	6.307640067911722825e-01
1.714929237536657158e+00	6.446564701342831771e-01
1.716102668621700911e+00	6.585489334773888537e-01
1.717276099706745107e+00	6.724413968204997483e-01
1.718449530791788860e+00	6.863338601636053138e-01
1.719622961876833056e+00	7.002263235067162084e-01
1.720796392961876808e+00	7.141187868498217739e-01
1.721969824046921005e+00	7.280112501929326685e-01
1.723143255131965201e+00	7.419037135360435631e-01
1.724316686217008954e+00	7.557961768791492396e-01
1.725490117302053150e+00	7.696886402222600232e-01
1.726663548387096903e+00	7.835811035653656997e-01
1.727836979472141099e+00	7.974735669084765943e-01
1.729010410557184851e+00	8.113660302515821598e-01
1.730183841642229048e+00	8.256759268172527699e-01
1.731357272727272800e+00	8.416630945706273792e-01
1.732530703812316997e+00	8.576502623240079837e-01
1.733704134897360749e+00	8.736374300773825929e-01
1.734877565982404946e+00	8.896245978307633084e-01
1.736050997067448698e+00	9.056117655841379177e-01
1.737224428152492894e+00	9.215989333375185222e-01
1.738397859237536647e+00	9.375861010908931314e-01
1.739571290322580843e+00	9.535732688442738469e-01
1.740744721407625040e+00	9.695604365976544514e-01
1.741918152492668792e+00	9.855476043510290607e-01
1.743091583577712989e+00	1.001534772104409665e+00
1.744265014662756741e+00	1.017521939857784385e+00
1.745438445747800937e+00	1.033509107611165101e+00
1.746611876832844690e+00	1.051062859874246413e+00
1.747785307917888886e+00	1.069431597954415780e+00
1.748958739002932639e+00	1.087800336034578486e+00
1.750132170087976835e+00	1.106169074114748074e+00
1.751305601173020587e+00	1.124537812194910558e+00
1.752479032258064784e+00	1.142906550275080146e+00
1.753652463343108536e+00	1.161275288355242852e+00
1.754825894428152733e+00	1.179644026435412218e+00
1.755999325513196485e+00	1.198012764515574924e+00
1.757172756598240682e+00	1.216381502595744513e+00
1.758346187683284434e+00	1.234750240675906996e+00
1.759519618768328630e+00	1.253118978756076585e+00
1.760693049853372827e+00	1.271487716836246173e+00
1.761866480938416579e+00	1.291489261111057330e+00
1.763039912023460776e+00	1.323896483736266561e+00
1.764213343108504528e+00	1.356303706361463357e+00
1.765386774193548725e+00	1.388710928986672366e+00
1.766560205278592477e+00	1.421118151611869385e+00
1.767733636363636673e+00	1.453525374237078394e+00
1.768907067448680426e+00	1.485932596862275190e+00
1.770080498533724622e+00	1.518339819487484421e+00
1.771253929618768375e+00	1.550747042112681218e+00
1.772427360703812571e+00	1.583154264737890227e+00
1.773600791788856323e+00	1.618158347933628782e+00
1.774774222873900520e+00	1.656098036689690023e+00
1.775947653958944272e+00	1.694037725445737053e+00
1.777121085043988469e+00	1.731977414201798293e+00
1.778294516129032665e+00	1.769917102957859534e+00
1.779467947214076418e+00	1.807856791713906564e+00
1.780641378299120614e+00	1.845796480469967804e+00
1.781814809384164366e+00	1.883736169226014834e+00
1.782988240469208563e+00	1.921675857982076074e+00
1.784161671554252315e+00	1.959615546738123104e+00
1.785335102639296512e+00	1.997555235494184345e+00
1.786508533724340264e+00	2.043581169874884029e+00
1.787681964809384461e+00	2.091630939634099295e+00
1.788855395894428213e+00	2.139680709393295910e+00
1.790028826979472409e+00	2.187730479152510732e+00
1.791202258064516162e+00	2.235780248911707346e+00
1.792375689149560358e+00	2.283830018670922168e+00
1.793549120234604111e+00	2.331879788430118783e+00
1.794722551319648307e+00	2.377679719312950635e+00
1.795895982404692059e+00	2.420258504398824062e+00
1.797069413489736256e+00	2.462837289484713033e+00
1.798242844574780452e+00	2.505416074570602447e+00
1.799416275659824205e+00	2.547994859656475430e+00
1.800589706744868401e+00	2.590573644742364401e+00
1.801763137829912154e+00	2.633152429828237384e+00
1.802936568914956350e+00	2.675731214914126799e+00
1.804110000000000102e+00	2.718309999999999782e+00
