8.503300000000000409e+02,1.225744632049806104e-01
8.506699999999999591e+02,3.090295432513591797e+12
8.510000000000000000e+02,1.029674600703833320e+00
8.513300000000000409e+02,6.546361740672733398e+12
8.516699999999999591e+02,1.909853258566237832e-01
8.520000000000000000e+02,4.621681360922446080e-01
8.523300000000000409e+02,4.383287934192465762e-01
8.526699999999999591e+02,3.013699874341146390e-01
8.530000000000000000e+02,9.191788016944912876e-01
8.533400000000000318e+02,1.345860354055948005e-01
8.536699999999999591e+02,1.096478196143187277e-14
8.540000000000000000e+02,4.752257885621897771e-01
8.543400000000000318e+02,9.084478470267751127e-02
8.546699999999999591e+02,2.540387692316677382e-01
8.550000000000000000e+02,1.702550490002503192e-01
8.553400000000000318e+02,6.864359179269948763e-01
8.556699999999999591e+02,2.661337784924614480e-01
8.560000000000000000e+02,1.255162628535087810e-01
8.563400000000000318e+02,1.302566786136689359e-01
8.566699999999999591e+02,1.470957076796977070e-01
8.570000000000000000e+02,3.888660243312299647e-01
8.573400000000000318e+02,6.061777620466953787e-01
8.576699999999999591e+02,1.865949990502248634e-01
8.580099999999999909e+02,4.188900070027827827e-01
8.583400000000000318e+02,1.537446456991687915e-01
8.586699999999999591e+02,4.119077848677376030e-01
8.590099999999999909e+02,4.779692969796100477e-01
8.593400000000000318e+02,2.436688423459584252e-01
8.596699999999999591e+02,1.083677359357936576e-01
8.600099999999999909e+02,1.875858173799283268e-01
8.603400000000000318e+02,1.814679779396928538e-01
8.606699999999999591e+02,2.715188590327264895e-01
8.610099999999999909e+02,2.145359115815708984e-01
8.613400000000000318e+02,3.550585703126238890e-01
8.616699999999999591e+02,1.734203266843866720e-01
8.620099999999999909e+02,1.563867664511410516e-01
8.623400000000000318e+02,3.677053933782147704e-02
8.626799999999999500e+02,2.113489039836646544e-01
8.630099999999999909e+02,6.129146470875525277e-02
8.633400000000000318e+02,4.619553487999653041e-01
8.636799999999999500e+02,3.768773174453474151e-01
8.640099999999999909e+02,1.488675359492364070e-01
8.643400000000000318e+02,3.446672348717892964e-01
8.646799999999999500e+02,1.943569163647692610e-01
8.650099999999999909e+02,1.170038089423047489e-01
8.653400000000000318e+02,1.287063576253332786e-01
8.656799999999999500e+02,1.737400731385767283e-01
8.660099999999999909e+02,1.515304803698702130e-01
8.663400000000000318e+02,1.163322157317535216e-01
8.666799999999999500e+02,9.484184633008968524e-02
8.670099999999999909e+02,1.207535757709669588e-01
8.673400000000000318e+02,1.689273619638028134e-01
8.676799999999999500e+02,1.676486266073897169e-01
8.680099999999999909e+02,8.371436744351555548e-02
8.683500000000000227e+02,1.358000719363215703e-01
8.686799999999999500e+02,9.541134102819799623e-02
8.690099999999999909e+02,1.083677359357936576e-01
8.693500000000000227e+02,9.153770083623520570e-02
8.696799999999999500e+02,8.446951488445783585e-02
8.700099999999999909e+02,1.032999235243230174e-01
8.703500000000000227e+02,6.534313996495985655e-02
8.706799999999999500e+02,1.262408761467048446e-01
8.710099999999999909e+02,9.503859340116760368e-02
8.713500000000000227e+02,5.926523352402153499e-02
8.716799999999999500e+02,4.229606842665389888e-02
8.720099999999999909e+02,1.108664138979956471e-01
8.723500000000000227e+02,4.177341687248777718e-02
8.726799999999999500e+02,1.297477991939387787e-01
8.730199999999999818e+02,7.375644909068816701e-02
8.733500000000000227e+02,8.033411247579730352e-02
8.736799999999999500e+02,4.421809210742687346e-02
8.740199999999999818e+02,7.353599954754000412e-02
8.743500000000000227e+02,7.771413187936794531e-02
8.746799999999999500e+02,5.772979296482345229e-02
8.750199999999999818e+02,3.950936047894298975e-02
8.753500000000000227e+02,4.147629932299210648e-02
8.756799999999999500e+02,3.550585703126238335e-02
8.760199999999999818e+02,9.772372209558106981e-02
8.763500000000000227e+02,2.213094709605637617e-02
8.766799999999999500e+02,7.097411730944609698e-02
8.770199999999999818e+02,2.483133105295570395e-02
8.773500000000000227e+02,3.944573020752785082e-15
8.776900000000000546e+02,1.715931710120994352e-02
8.780199999999999818e+02,4.025316189742118161e-02
8.783500000000000227e+02,7.296254933925087720e-03
8.786900000000000546e+02,1.430210624736563685e-02
8.790199999999999818e+02,5.073410460372979047e-02
8.793500000000000227e+02,3.093143010948961810e-02
8.796900000000000546e+02,3.389221868727554376e-02
8.800199999999999818e+02,7.179595885446751931e-03
8.803500000000000227e+02,2.247501550421255462e-02
8.806900000000000546e+02,3.427677865464504677e-15
8.810199999999999818e+02,3.484175319018589095e-02
8.813500000000000227e+02,8.361804317558860222e-02
8.816900000000000546e+02,2.068711839599833915e-02
8.820199999999999818e+02,3.589219346450064881e-15
8.823500000000000227e+02,5.066406124332974333e-03
8.826900000000000546e+02,3.334264127632347110e-15
8.830199999999999818e+02,4.680583528968203753e-03
8.833600000000000136e+02,3.881503659906470082e-15
8.836900000000000546e+02,3.169567463043486916e-15
8.840199999999999818e+02,3.531831697919555409e-15
8.843600000000000136e+02,2.787404520323771753e-03
8.846900000000000546e+02,2.860223693954280430e-02
8.850199999999999818e+02,2.995021883751126240e-02
8.853600000000000136e+02,1.225744632049806035e-02
8.856900000000000546e+02,2.798981319634357187e-15
8.860199999999999818e+02,3.250872973854347331e-15
8.863600000000000136e+02,3.863669770540689178e-15
8.866900000000000546e+02,5.060576565132442889e-02
8.870199999999999818e+02,1.399909626568342398e-02
8.873600000000000136e+02,2.870780582024689154e-03
8.876900000000000546e+02,1.009252886076684444e-03
8.880299999999999727e+02,4.102041029866067799e-03
8.883600000000000136e+02,4.819477976251274054e-02
8.886900000000000546e+02,8.689604292863019330e-02
8.890299999999999727e+02,7.828886556130138646e-03
8.893600000000000136e+02,5.635078884001394617e-02
8.896900000000000546e+02,2.872102929797834547e-02
8.900299999999999727e+02,5.833107765394220795e-02
8.903600000000000136e+02,6.562963667292198711e-02
8.906900000000000546e+02,3.718775833249356177e-02
8.910299999999999727e+02,7.123607787355012988e-02
8.913600000000000136e+02,2.997091486307043584e-02
8.916900000000000546e+02,8.085371885255467073e-02
8.920299999999999727e+02,8.092822218443736226e-02
8.923600000000000136e+02,8.115214434347241268e-02
8.927000000000000455e+02,7.575302849884081591e-02
8.930299999999999727e+02,7.990979195810984925e-02
8.933600000000000136e+02,9.343293682573139414e-02
8.937000000000000455e+02,1.268235775555588696e-01
8.940299999999999727e+02,1.522299132880419459e-01
8.943600000000000136e+02,1.678417503712765213e-01
8.947000000000000455e+02,1.631548543915208593e-01
8.950299999999999727e+02,1.444774274380102030e-01
8.953600000000000136e+02,1.348341805246082159e-01
8.957000000000000455e+02,1.902830044319968050e-01
8.960299999999999727e+02,1.895832656947112060e-01
8.963600000000000136e+02,1.728223872949766482e-01
8.967000000000000455e+02,1.948498159922712469e-01
8.970299999999999727e+02,1.810089295270756737e-01
8.973600000000000136e+02,2.349632820848307213e-01
8.977000000000000455e+02,3.009539168873202053e-01
8.980299999999999727e+02,2.386711908339972932e-01
8.983700000000000045e+02,2.677934806259706368e-01
8.987000000000000455e+02,2.970297844017863453e-01
8.990299999999999727e+02,3.177605657161287622e-01
8.993700000000000045e+02,2.832696200280899745e-01
8.997000000000000455e+02,3.228494121712635612e-01
9.000299999999999727e+02,2.910046977837713045e-01
9.003700000000000045e+02,3.092430870441563173e-01
9.007000000000000455e+02,3.456209025701261761e-01
9.010299999999999727e+02,2.698982073472015464e-01
9.013700000000000045e+02,3.899419866765434506e-01
9.017000000000000455e+02,3.941849147142968968e-01
9.020299999999999727e+02,5.122712702645388916e-01
9.023700000000000045e+02,4.838380286511588801e-01
9.027000000000000455e+02,4.716284552998378787e-01
9.030399999999999636e+02,5.172494052829935685e-01
9.033700000000000045e+02,5.657180034775733946e-01
9.037000000000000455e+02,5.189195108067297113e-01
9.040399999999999636e+02,6.131969697156826049e-01
9.043700000000000045e+02,4.854002548344869550e-01
9.047000000000000455e+02,5.796955946535210513e-01
9.050399999999999636e+02,6.105201468341020510e-01
9.053700000000000045e+02,6.919902892284818252e-01
9.057000000000000455e+02,5.506808828468292560e-01
9.060399999999999636e+02,6.148936385126264614e-01
9.063700000000000045e+02,5.722687092228431194e-01
9.067000000000000455e+02,6.373823014383467322e-01
9.070399999999999636e+02,6.014506519775484339e-01
9.073700000000000045e+02,7.110497695423425579e-01
9.077100000000000364e+02,6.806126238014957863e-01
9.080399999999999636e+02,7.029104501361859159e-01
9.083700000000000045e+02,7.382441258430448849e-01
9.087100000000000364e+02,8.020473348006654790e-01
9.090399999999999636e+02,8.851156098308354814e-01
9.093700000000000045e+02,8.083510373900677504e-01
9.097100000000000364e+02,8.300418697157010417e-01
9.100399999999999636e+02,8.122692266200639555e-01
9.103700000000000045e+02,8.873603107786678379e-01
9.107100000000000364e+02,8.976354589093787917e-01
9.110399999999999636e+02,8.398466611579145091e-01
9.113700000000000045e+02,8.003869518094971491e-01
9.117100000000000364e+02,8.657649506603731782e-01
9.120399999999999636e+02,8.287050779069827788e-01
9.123700000000000045e+02,8.871560120379609060e-01
9.127100000000000364e+02,8.669618757582165935e-01
9.130399999999999636e+02,1.019060574749251158e+00
9.133799999999999955e+02,9.412391869089666852e-01
9.137100000000000364e+02,1.096225751773109325e+00
9.140399999999999636e+02,9.908319448927676021e-01
9.143799999999999955e+02,1.015546935549698881e+00
9.147100000000000364e+02,1.052688794382502957e+00
9.150399999999999636e+02,1.010880921220912221e+00
9.153799999999999955e+02,1.111731727281591198e+00
9.157100000000000364e+02,1.107643491669743296e+00
9.160399999999999636e+02,1.112499949656445830e+00
9.163799999999999955e+02,9.896918638691029058e-01
9.167100000000000364e+02,1.036096007040484546e+00
9.170399999999999636e+02,1.118149824584219187e+00
9.173799999999999955e+02,1.154250310364671073e+00
9.177100000000000364e+02,1.217306665354474848e+00
9.180499999999999545e+02,1.188228596190000319e+00
9.183799999999999955e+02,1.276438808811343861e+00
9.187100000000000364e+02,1.217026402404052909e+00
9.190499999999999545e+02,1.126678482070995857e+00
9.193799999999999955e+02,1.125641250576109753e+00
9.197100000000000364e+02,1.125382091937632056e+00
9.200499999999999545e+02,1.093200948927630645e+00
9.203799999999999955e+02,1.040638765397505328e+00
9.207100000000000364e+02,1.109430241607832102e+00
9.210499999999999545e+02,1.050267677340710026e+00
9.213799999999999955e+02,1.151860803536677524e+00
9.217100000000000364e+02,1.144458370758712151e+00
9.220499999999999545e+02,1.226309238308738392e+00
9.223799999999999955e+02,1.195088314736272084e+00
9.227200000000000273e+02,1.217586992845256066e+00
9.230499999999999545e+02,1.262699475294972062e+00
9.233799999999999955e+02,1.308579161245099431e+00
9.237200000000000273e+02,1.232253328719879359e+00
9.240499999999999545e+02,1.310388279573826642e+00
9.243799999999999955e+02,1.284990745822953917e+00
9.247200000000000273e+02,1.336287789485012700e+00
9.250499999999999545e+02,1.288546216267973055e+00
9.253799999999999955e+02,1.334135682903105469e+00
9.257200000000000273e+02,1.391233414628811893e+00
9.260499999999999545e+02,1.418077609968912745e+00
9.263799999999999955e+02,1.389632619636601563e+00
9.267200000000000273e+02,1.360504554542780076e+00
9.270499999999999545e+02,1.409288798421874711e+00
9.273799999999999955e+02,1.412212333276176901e+00
9.277200000000000273e+02,1.448438299900705495e+00
9.280499999999999545e+02,1.482859486854064546e+00
9.283899999999999864e+02,1.518448266141222858e+00
9.287200000000000273e+02,1.474687503317347881e+00
9.290499999999999545e+02,1.472312502432718828e+00
9.293899999999999864e+02,1.462513891957787360e+00
9.297200000000000273e+02,1.485593532349472667e+00
9.300499999999999545e+02,1.471634633565707562e+00
9.303899999999999864e+02,1.455459080581966047e+00
9.307200000000000273e+02,1.434167907404111375e+00
9.310499999999999545e+02,1.397011560541224107e+00
9.313899999999999864e+02,1.408315632366528902e+00
9.317200000000000273e+02,1.448438299900705495e+00
9.320499999999999545e+02,1.395404117040615510e+00
9.323899999999999864e+02,1.471295816178039617e+00
9.327200000000000273e+02,1.409937949358723186e+00
9.330599999999999454e+02,1.406371315813288669e+00
9.333899999999999864e+02,1.427578504421755490e+00
9.337200000000000273e+02,1.456800225460162856e+00
9.340599999999999454e+02,1.461167487020987421e+00
9.343899999999999864e+02,1.395725457706767259e+00
9.347200000000000273e+02,1.412537544622754382e+00
9.350599999999999454e+02,1.421673931308003791e+00
9.353899999999999864e+02,1.436150652907477232e+00
9.357200000000000273e+02,1.405400164387623274e+00
9.360599999999999454e+02,1.385160185924461773e+00
9.363899999999999864e+02,1.407667228362263989e+00
9.367200000000000273e+02,1.356750530299861701e+00
9.370599999999999454e+02,1.402167833705758815e+00
9.373899999999999864e+02,1.383247837714667083e+00
9.377300000000000182e+02,1.428564981394612854e+00
9.380599999999999454e+02,1.402490731954543435e+00
9.383899999999999864e+02,1.437805034605738719e+00
9.387300000000000182e+02,1.406695182061038052e+00
9.390599999999999454e+02,1.420365124048011962e+00
9.393899999999999864e+02,1.438798578255845451e+00
9.397300000000000182e+02,1.389952631213353218e+00
9.400599999999999454e+02,1.367099108203750912e+00
9.403899999999999864e+02,1.367728825595849074e+00
9.407300000000000182e+02,1.315830655095918678e+00
9.410599999999999454e+02,1.310388279573826642e+00
9.413899999999999864e+02,1.340911143654730520e+00
9.417300000000000182e+02,1.326172445097383523e+00
9.420599999999999454e+02,1.313106647741013377e+00
9.423899999999999864e+02,1.321295634186575141e+00
9.427300000000000182e+02,1.296582035382628284e+00
9.430599999999999454e+02,1.284103412171633707e+00
9.433999999999999773e+02,1.290921993615351315e+00
9.437300000000000182e+02,1.242796438440914919e+00
9.440599999999999454e+02,1.256319208581220703e+00
9.443999999999999773e+02,1.213388850464977242e+00
9.447300000000000182e+02,1.204758502534952536e+00
9.450599999999999454e+02,1.201157617937578692e+00
9.453999999999999773e+02,1.201157617937578692e+00
9.457300000000000182e+02,1.174897554939529520e+00
9.460599999999999454e+02,1.170846602320241514e+00
9.463999999999999773e+02,1.160646590601895456e+00
9.467300000000000182e+02,1.138675561950210913e+00
9.470599999999999454e+02,1.139200062186524587e+00
9.473999999999999773e+02,1.129015748794193419e+00
9.477300000000000182e+02,1.125382091937632056e+00
9.480700000000000500e+02,1.110196873623478186e+00
9.483999999999999773e+02,1.089180857622653376e+00
9.487300000000000182e+02,1.087677137630999713e+00
9.490700000000000500e+02,1.054144142785385263e+00
9.493999999999999773e+02,1.046646438552196301e+00
9.497300000000000182e+02,1.036334604431042195e+00
9.500700000000000500e+02,1.004384495573915848e+00
9.503999999999999773e+02,9.999999999999983347e-01
9.507300000000000182e+02,9.896918638691029058e-01
9.510700000000000500e+02,9.846910713769388979e-01
9.513999999999999773e+02,9.563128688459966442e-01
9.517300000000000182e+02,9.442782793644787231e-01
9.520700000000000500e+02,9.315367652385740938e-01
9.523999999999999773e+02,9.193904748039811725e-01
9.527400000000000091e+02,9.051071590275194811e-01
9.530700000000000500e+02,9.009485693796428496e-01
9.533999999999999773e+02,9.001191471031870783e-01
9.537400000000000091e+02,8.889963953045425527e-01
9.540700000000000500e+02,8.778089408463068954e-01
9.543999999999999773e+02,8.631772787998140961e-01
9.547400000000000091e+02,8.381080267271640016e-01
9.550700000000000500e+02,8.283235329759174315e-01
9.553999999999999773e+02,8.085371885255467905e-01
9.557400000000000091e+02,7.861401911481283866e-01
9.560700000000000500e+02,7.680685809900986705e-01
9.563999999999999773e+02,7.462769020181442281e-01
9.567400000000000091e+02,7.331620890272112501e-01
9.570700000000000500e+02,7.247696519929959225e-01
9.573999999999999773e+02,7.117049722679207324e-01
9.577400000000000091e+02,7.030723198838334520e-01
9.580700000000000500e+02,6.765501583068963543e-01
9.584099999999999682e+02,6.603892574785454883e-01
9.587400000000000091e+02,6.465468497750433974e-01
9.590700000000000500e+02,6.345999009812868241e-01
9.594099999999999682e+02,6.153185387288110375e-01
9.597400000000000091e+02,5.978606913524929789e-01
9.600700000000000500e+02,5.783623317834709621e-01
9.604099999999999682e+02,5.619530077001324564e-01
9.607400000000000091e+02,5.425003216311502507e-01
9.610700000000000500e+02,5.234798870090690004e-01
9.614099999999999682e+02,5.093308710571953224e-01
9.617400000000000091e+02,4.960209273959746423e-01
9.620700000000000500e+02,4.828363964551583565e-01
9.624099999999999682e+02,4.693534343171951173e-01
9.627400000000000091e+02,4.568777411858176429e-01
9.630800000000000409e+02,4.522723107939899401e-01
9.634099999999999682e+02,4.356121655464696985e-01
9.637400000000000091e+02,4.216965034285822256e-01
9.640800000000000409e+02,4.131426206427587511e-01
9.644099999999999682e+02,3.979238776342248207e-01
9.647400000000000091e+02,3.856559178913932517e-01
9.650800000000000409e+02,3.744553155859532967e-01
9.654099999999999682e+02,3.615763363610971504e-01
9.657400000000000091e+02,3.459393778261219410e-01
9.660800000000000409e+02,3.348112173860539054e-01
9.664099999999999682e+02,3.262871721430850580e-01
9.667400000000000091e+02,3.120326216598011682e-01
9.670800000000000409e+02,3.054921113215512962e-01
9.674099999999999682e+02,2.962784063758793218e-01
9.677500000000000000e+02,2.855617271381297173e-01
9.680800000000000409e+02,2.752326806519182489e-01
9.684099999999999682e+02,2.681637066760730326e-01
9.687500000000000000e+02,2.568620829382875503e-01
9.690800000000000409e+02,2.469448651012580986e-01
9.694099999999999682e+02,2.366464533352563293e-01
9.697500000000000000e+02,2.254239212152429339e-01
9.700800000000000409e+02,2.175704950925795023e-01
9.704099999999999682e+02,2.074435805962134005e-01
9.707500000000000000e+02,1.952989912075683288e-01
9.710800000000000409e+02,1.854812440027907017e-01
9.714099999999999682e+02,1.773781005694330948e-01
9.717500000000000000e+02,1.679964095484813291e-01
9.720800000000000409e+02,1.598453474616406134e-01
9.724099999999999682e+02,1.518098670757213609e-01
9.727500000000000000e+02,1.442447449088626044e-01
9.730800000000000409e+02,1.358000719363215703e-01
9.734199999999999591e+02,1.285582642208866200e-01
9.737500000000000000e+02,1.191242008027374732e-01
9.740800000000000409e+02,1.103316212766981275e-01
9.744199999999999591e+02,1.040638765397505355e-01
9.747500000000000000e+02,9.527961640236516649e-02
9.750800000000000409e+02,8.824701010756544339e-02
9.754199999999999591e+02,8.224320001128372637e-02
9.757500000000000000e+02,7.710809965858574089e-02
9.760800000000000409e+02,6.881767564552991601e-02
9.764199999999999591e+02,6.208690342300634407e-02
9.767500000000000000e+02,5.827737747963682852e-02
9.770800000000000409e+02,5.257750822566943649e-02
9.774199999999999591e+02,4.667668449794024066e-02
9.777500000000000000e+02,4.311218160437418206e-02
9.780900000000000318e+02,3.837956075232974024e-02
9.784199999999999591e+02,3.344259735337341832e-02
9.787500000000000000e+02,2.974404298125140483e-02
9.790900000000000318e+02,2.638760655313269338e-02
9.794199999999999591e+02,2.394969571502180913e-02
9.797500000000000000e+02,2.218196419800219296e-02
9.800900000000000318e+02,1.871112930441451092e-02
9.804199999999999591e+02,1.766444512742478684e-02
9.807500000000000000e+02,1.316436757055606220e-02
9.810900000000000318e+02,1.239081862828096507e-02
9.814199999999999591e+02,1.016716800466375449e-02
9.817500000000000000e+02,9.149555587213821159e-03
9.820900000000000318e+02,8.984625925706857946e-03
9.824199999999999591e+02,7.990979195810984231e-03
9.827599999999999909e+02,7.282827106931322701e-03
9.830900000000000318e+02,7.741052270741225448e-03
9.834199999999999591e+02,7.626056174186721451e-03
9.837599999999999909e+02,6.881767564552988131e-03
9.840900000000000318e+02,7.495489497919584181e-03
9.844199999999999591e+02,7.478250350455649398e-03
9.847599999999999909e+02,8.663632065076615207e-03
9.850900000000000318e+02,1.047369686070393630e-02
9.854199999999999591e+02,1.116349031659235984e-02
9.857599999999999909e+02,1.297179270983955975e-02
9.860900000000000318e+02,1.394119494034744972e-02
9.864199999999999591e+02,1.382929369795944489e-02
9.867599999999999909e+02,1.768479378281799519e-02
9.870900000000000318e+02,1.800113960418011153e-02
9.874199999999999591e+02,2.183232561846203817e-02
9.877599999999999909e+02,2.447935666196068144e-02
9.880900000000000318e+02,2.613364576189024582e-02
9.884299999999999500e+02,2.953928642960281306e-02
9.887599999999999909e+02,3.295338254735961231e-02
9.890900000000000318e+02,3.461784268375586032e-02
9.894299999999999500e+02,3.973745050614633373e-02
9.897599999999999909e+02,4.107712125533875824e-02
9.900900000000000318e+02,4.462723707622522767e-02
9.904299999999999500e+02,4.780793661491185981e-02
9.907599999999999909e+02,5.089791592468074360e-02
9.910900000000000318e+02,5.500472528676337430e-02
9.914299999999999500e+02,6.017276940250243511e-02
9.917599999999999909e+02,6.230171474290641109e-02
9.920900000000000318e+02,6.785783509504074440e-02
9.924299999999999500e+02,7.242691717336947888e-02
9.927599999999999909e+02,7.872270345511687972e-02
9.931000000000000227e+02,8.269895085679317137e-02
9.934299999999999500e+02,8.922776195878272254e-02
9.937599999999999909e+02,9.519190103322851260e-02
9.941000000000000227e+02,1.013211242412733054e-01
9.944299999999999500e+02,1.053658803229716445e-01
9.947599999999999909e+02,1.140249787561168765e-01
9.951000000000000227e+02,1.212271792536496751e-01
9.954299999999999500e+02,1.282921253709401743e-01
9.957599999999999909e+02,1.332293778976939846e-01
9.961000000000000227e+02,1.411562135187961198e-01
9.964299999999999500e+02,1.489361077710915360e-01
9.967599999999999909e+02,1.571447947280653623e-01
9.971000000000000227e+02,1.630797361023593739e-01
9.974299999999999500e+02,1.726632852743236191e-01
9.977699999999999818e+02,1.803432948837570271e-01
9.981000000000000227e+02,1.913815202047427777e-01
9.984299999999999500e+02,1.991590289057612317e-01
9.987699999999999818e+02,2.080175610098594641e-01
9.991000000000000227e+02,2.190786217164843452e-01
9.994299999999999500e+02,2.284546488551826848e-01
9.997699999999999818e+02,2.349632820848307213e-01
1.000100000000000023e+03,2.429964897703229265e-01
1.000399999999999977e+03,2.560353906004205204e-01
1.000799999999999955e+03,2.629056987587087835e-01
1.001100000000000023e+03,2.697118326494937213e-01
1.001399999999999977e+03,2.777793772905708947e-01
1.001799999999999955e+03,2.902685610499052826e-01
1.002100000000000023e+03,2.956650565082942217e-01
1.002399999999999977e+03,3.038785182061179424e-01
1.002799999999999955e+03,3.105989619905655252e-01
1.003100000000000023e+03,3.187131627022800062e-01
1.003399999999999977e+03,3.213660538640317199e-01
1.003799999999999955e+03,3.286245466582045083e-01
1.004100000000000023e+03,3.391563869058218383e-01
1.004399999999999977e+03,3.471362758876976873e-01
1.004799999999999955e+03,3.490599322048292819e-01
1.005100000000000023e+03,3.592526662476616117e-01
1.005399999999999977e+03,3.671131996879641313e-01
1.005799999999999955e+03,3.760971132597691891e-01
1.006100000000000023e+03,3.807150103801774099e-01
1.006399999999999977e+03,3.867229981193768262e-01
1.006799999999999955e+03,3.904810837492536102e-01
1.007100000000000023e+03,3.950026415978837302e-01
1.007399999999999977e+03,4.054151744065029317e-01
1.007799999999999955e+03,4.084134161710769040e-01
1.008100000000000023e+03,4.170614031267225186e-01
1.008399999999999977e+03,4.213082854040084424e-01
1.008799999999999955e+03,4.327130568849059666e-01
1.009100000000000023e+03,4.397440784473686803e-01
1.009399999999999977e+03,4.427922387787076031e-01
1.009799999999999955e+03,4.528975799036207839e-01
1.010100000000000023e+03,4.606806808300931699e-01
1.010399999999999977e+03,4.739145036236972475e-01
1.010799999999999955e+03,4.868554096577114576e-01
1.011100000000000023e+03,4.951080641176656139e-01
1.011399999999999977e+03,4.943106869868354458e-01
1.011799999999999955e+03,5.130976197780000581e-01
1.012100000000000023e+03,5.243243172456375500e-01
1.012399999999999977e+03,5.306400191947747702e-01
1.012799999999999955e+03,5.359200434577748862e-01
1.013100000000000023e+03,5.396348637300687479e-01
1.013399999999999977e+03,5.552646171195634306e-01
1.013799999999999955e+03,5.596287273819708918e-01
1.014100000000000023e+03,5.716102396416139486e-01
1.014399999999999977e+03,5.876246425275583052e-01
1.014799999999999955e+03,6.006202909194724437e-01
1.015100000000000023e+03,6.110827157025001677e-01
1.015399999999999977e+03,6.141861234063020758e-01
1.015799999999999955e+03,6.305216450900420488e-01
1.016100000000000023e+03,6.372355556351469996e-01
1.016399999999999977e+03,6.463979939995341262e-01
1.016799999999999955e+03,6.507287577548785951e-01
1.017100000000000023e+03,6.623690022431073521e-01
1.017399999999999977e+03,6.709652064618782941e-01
1.017799999999999955e+03,6.784221204982602282e-01
1.018100000000000023e+03,6.853304051260452612e-01
1.018399999999999977e+03,6.873849195903231069e-01
1.018799999999999955e+03,6.955045892395351759e-01
1.019100000000000023e+03,6.993587292116926202e-01
1.019399999999999977e+03,7.113772954721315767e-01
1.019799999999999955e+03,7.182902972965257149e-01
1.020100000000000023e+03,7.231027280500617049e-01
1.020399999999999977e+03,7.277798045368241153e-01
1.020799999999999955e+03,7.313074538624831922e-01
1.021100000000000023e+03,7.402867904919353537e-01
1.021399999999999977e+03,7.370551753379344095e-01
1.021799999999999955e+03,7.474807281756634669e-01
1.022100000000000023e+03,7.474807281756634669e-01
1.022399999999999977e+03,7.526620170564827239e-01
1.022799999999999955e+03,7.613774324561511930e-01
1.023100000000000023e+03,7.640116835170185361e-01
1.023399999999999977e+03,7.691304402866095957e-01
1.023799999999999955e+03,7.721470205645132312e-01
1.024099999999999909e+03,7.760683997011050828e-01
1.024400000000000091e+03,7.764258747121097759e-01
1.024799999999999955e+03,7.796505686758151699e-01
1.025099999999999909e+03,7.803689841784652304e-01
1.025500000000000000e+03,7.836100548778108799e-01
1.025799999999999955e+03,7.879524314513304262e-01
1.026099999999999909e+03,7.957927898970922342e-01
1.026500000000000000e+03,8.003869518094971491e-01
1.026799999999999955e+03,8.040813701206137587e-01
1.027099999999999909e+03,8.120822162499834462e-01
1.027500000000000000e+03,8.111478100379366785e-01
1.027799999999999955e+03,8.135795056053962693e-01
1.028099999999999909e+03,8.203515443298182719e-01
1.028500000000000000e+03,8.188417919005120948e-01
1.028799999999999955e+03,8.182763513481792206e-01
1.029099999999999909e+03,8.182763513481792206e-01
1.029500000000000000e+03,8.171466413467517453e-01
1.029799999999999955e+03,8.192189693228674185e-01
1.030099999999999909e+03,8.163943679645644380e-01
1.030500000000000000e+03,8.190303588996120654e-01
1.030799999999999955e+03,8.178996079175053779e-01
1.031099999999999909e+03,8.216748609764341627e-01
1.031500000000000000e+03,8.245177320439843749e-01
1.031799999999999955e+03,8.201626731515518909e-01
1.032099999999999909e+03,8.205404590022878919e-01
1.032500000000000000e+03,8.207294171789767390e-01
1.032799999999999955e+03,8.222426499470711914e-01
1.033099999999999909e+03,8.228108312679314196e-01
1.033500000000000000e+03,8.165823713585924626e-01
1.033799999999999955e+03,8.178996079175053779e-01
1.034099999999999909e+03,8.137668607787871267e-01
1.034500000000000000e+03,8.070491789118658943e-01
1.034799999999999955e+03,8.061205638638910820e-01
1.035099999999999909e+03,7.994660025203160769e-01
1.035500000000000000e+03,7.972600453665313891e-01
1.035799999999999955e+03,7.983622620329362540e-01
1.036099999999999909e+03,7.939625172698566713e-01
1.036500000000000000e+03,7.917717458183041179e-01
1.036799999999999955e+03,7.895870193366947287e-01
1.037099999999999909e+03,7.904965884764858508e-01
1.037500000000000000e+03,7.934142567771249599e-01
1.037799999999999955e+03,7.912249981343125738e-01
1.038099999999999909e+03,7.872270345511686029e-01
1.038500000000000000e+03,7.881338850934160867e-01
1.038799999999999955e+03,7.903145908644705342e-01
1.039099999999999909e+03,7.883153805215575849e-01
1.039500000000000000e+03,7.771413187936797584e-01
1.039799999999999955e+03,7.712585649892137463e-01
1.040099999999999909e+03,7.705485366297150085e-01
1.040500000000000000e+03,7.691304402866095957e-01
1.040799999999999955e+03,7.549183812702821017e-01
1.041099999999999909e+03,7.437037990627123341e-01
1.041500000000000000e+03,7.390945502523303956e-01
1.041799999999999955e+03,7.399459543127240302e-01
1.042099999999999909e+03,7.309707518686010541e-01
1.042500000000000000e+03,7.226033988634149585e-01
1.042799999999999955e+03,7.189521718666390671e-01
1.043099999999999909e+03,7.211074791828996355e-01
1.043500000000000000e+03,7.206095277894146722e-01
1.043799999999999955e+03,7.050176668539838154e-01
1.044099999999999909e+03,6.919902892284818252e-01
1.044500000000000000e+03,6.886522963442760492e-01
1.044799999999999955e+03,6.869102548718842849e-01
1.045099999999999909e+03,6.732866448596852571e-01
1.045500000000000000e+03,6.602372147378003930e-01
1.045799999999999955e+03,6.562963667292199821e-01
1.046099999999999909e+03,6.587187112819282708e-01
1.046500000000000000e+03,6.540335094488950451e-01
1.046799999999999955e+03,6.432799272608507035e-01
1.047099999999999909e+03,6.331403617108158910e-01
1.047500000000000000e+03,6.313933449447961532e-01
1.047799999999999955e+03,6.282029912455563414e-01
1.048099999999999909e+03,6.192984599180424432e-01
1.048500000000000000e+03,6.099580958722388146e-01
1.048799999999999955e+03,6.032537079266129254e-01
1.049099999999999909e+03,6.004820089075462164e-01
1.049500000000000000e+03,5.960737545096845835e-01
1.049799999999999955e+03,5.851941823780819618e-01
1.050099999999999909e+03,5.776968506969278883e-01
1.050500000000000000e+03,5.708210761718673920e-01
1.050799999999999955e+03,5.620824170602133352e-01
1.051099999999999909e+03,5.519503333867391559e-01
1.051500000000000000e+03,5.364138714402963970e-01
1.051799999999999955e+03,5.291758304203467711e-01
1.052099999999999909e+03,5.255330096269208440e-01
1.052500000000000000e+03,5.166542425669501393e-01
1.052799999999999955e+03,5.044289459524141650e-01
1.053099999999999909e+03,5.018801279032413243e-01
1.053500000000000000e+03,4.998043135782392343e-01
1.053799999999999955e+03,4.970499105762349878e-01
1.054099999999999909e+03,4.836152643020436015e-01
1.054500000000000000e+03,4.717370642684881044e-01
1.054799999999999955e+03,4.676274536892870981e-01
1.055099999999999909e+03,4.697859239439368118e-01
1.055500000000000000e+03,4.670893874825566838e-01
1.055799999999999955e+03,4.482290499966203878e-01
1.056099999999999909e+03,4.414687837052634345e-01
1.056500000000000000e+03,4.389347855347170424e-01
1.056799999999999955e+03,4.309233228186264419e-01
1.057099999999999909e+03,4.159106104940220594e-01
1.057500000000000000e+03,3.965518679916797407e-01
1.057799999999999955e+03,3.844147117595778096e-01
1.058099999999999909e+03,3.780941866832965848e-01
1.058500000000000000e+03,3.669441767337162097e-01
1.058799999999999955e+03,3.519654225247657586e-01
1.059099999999999909e+03,3.406434165830757310e-01
1.059500000000000000e+03,3.365115693754907045e-01
1.059799999999999955e+03,3.331194570682001199e-01
1.060099999999999909e+03,3.178337412146220453e-01
1.060500000000000000e+03,3.047193266663112410e-01
1.060799999999999955e+03,3.027610480923130232e-01
1.061099999999999909e+03,3.004692272040943579e-01
1.061500000000000000e+03,2.922133142440370146e-01
1.061799999999999955e+03,2.806725885414677046e-01
1.062099999999999909e+03,2.758671575076394600e-01
1.062500000000000000e+03,2.752326806519182489e-01
1.062799999999999955e+03,2.685344445658507384e-01
1.063099999999999909e+03,2.557996818555014484e-01
1.063500000000000000e+03,2.487138670222841796e-01
1.063799999999999955e+03,2.463201838235156149e-01
1.064099999999999909e+03,2.408795881725708798e-01
1.064500000000000000e+03,2.307278398044460832e-01
1.064799999999999955e+03,2.241300045782329275e-01
1.065099999999999909e+03,2.198872257753099191e-01
1.065500000000000000e+03,2.161225086571402776e-01
1.065799999999999955e+03,2.090739864082148403e-01
1.066099999999999909e+03,2.010018247113693479e-01
1.066500000000000000e+03,1.962004503925645904e-01
1.066799999999999955e+03,1.908534434231574095e-01
1.067099999999999909e+03,1.846715523986705576e-01
1.067500000000000000e+03,1.767258177841939670e-01
1.067799999999999955e+03,1.688495859486753292e-01
1.068099999999999909e+03,1.632675967075256362e-01
1.068500000000000000e+03,1.589278469882468292e-01
1.068799999999999955e+03,1.524052753797291437e-01
1.069099999999999909e+03,1.441119517520107474e-01
1.069500000000000000e+03,1.363954867506638191e-01
1.069799999999999955e+03,1.320687295146423801e-01
1.070099999999999909e+03,1.274089685919111148e-01
1.070500000000000000e+03,1.205035940371797648e-01
1.070799999999999955e+03,1.128755813238235817e-01
1.071099999999999909e+03,1.074731554241732945e-01
1.071500000000000000e+03,1.039680742927523160e-01
1.071799999999999955e+03,9.947180530834233425e-02
1.072099999999999909e+03,9.206615375019705505e-02
1.072500000000000000e+03,8.665627169767138593e-02
1.072799999999999955e+03,8.352182974126012849e-02
1.073099999999999909e+03,7.974436424126812861e-02
1.073500000000000000e+03,7.387542629936365290e-02
1.073799999999999955e+03,6.837541889337916956e-02
1.074099999999999909e+03,6.526795418367303814e-02
1.074500000000000000e+03,6.251726927756857954e-02
1.074799999999999955e+03,5.822372674224977895e-02
1.075200000000000045e+03,5.339492735741766666e-02
1.075500000000000000e+03,4.969354737803068078e-02
1.075799999999999955e+03,4.765407017251339222e-02
1.076200000000000045e+03,4.454510633598984803e-02
1.076500000000000000e+03,4.018833372541835702e-02
1.076799999999999955e+03,3.688077172261543940e-02
1.077200000000000045e+03,3.473761519726526609e-02
1.077500000000000000e+03,3.259117363134845374e-02
1.077799999999999955e+03,2.916755328939500333e-02
1.078200000000000045e+03,2.587617025712439164e-02
1.078500000000000000e+03,2.367554581517683152e-02
1.078799999999999955e+03,2.233572222830530404e-02
1.079200000000000045e+03,2.032825032312808589e-02
1.079500000000000000e+03,1.779508226306382793e-02
1.079799999999999955e+03,1.593308965840387753e-02
1.080200000000000045e+03,1.486962444868947936e-02
1.080500000000000000e+03,1.388353309929045605e-02
1.080799999999999955e+03,1.235093966014863369e-02
1.081200000000000045e+03,1.090184492385127928e-02
1.081500000000000000e+03,1.010415500528213766e-02
1.081799999999999955e+03,9.678320504881604211e-03
1.082200000000000045e+03,8.990834429518033619e-03
1.082500000000000000e+03,8.252774907675829510e-03
1.082799999999999955e+03,7.948771267887243946e-03
1.083200000000000045e+03,8.014934914423116688e-03
1.083500000000000000e+03,8.201626731515516619e-03
1.083799999999999955e+03,8.375292821268826710e-03
1.084200000000000045e+03,8.637737465291839278e-03
1.084500000000000000e+03,9.092849438530642425e-03
1.084799999999999955e+03,9.794899854086991375e-03
1.085200000000000045e+03,1.076713107443973312e-02
1.085500000000000000e+03,1.180592445813890765e-02
1.085799999999999955e+03,1.279675926507795915e-02
1.086200000000000045e+03,1.388673026899934007e-02
1.086500000000000000e+03,1.536738599735724790e-02
1.086799999999999955e+03,1.727825980507863637e-02
1.087200000000000045e+03,1.891036885364488079e-02
1.087500000000000000e+03,2.035166756366908400e-02
1.087799999999999955e+03,2.224333998485112165e-02
1.088200000000000045e+03,2.464336445834911307e-02
1.088500000000000000e+03,2.707696602330496652e-02
1.088799999999999955e+03,2.915412422710756193e-02
1.089200000000000045e+03,3.113149665447023304e-02
1.089500000000000000e+03,3.389221868727554376e-02
1.089799999999999955e+03,3.723059697665676016e-02
1.090200000000000045e+03,4.005899043277508231e-02
1.090500000000000000e+03,4.222795013060563069e-02
1.090799999999999955e+03,4.497798548932879781e-02
1.091200000000000045e+03,4.888774438941447670e-02
1.091500000000000000e+03,5.228775553134414056e-02
1.091799999999999955e+03,5.500472528676337430e-02
1.092200000000000045e+03,5.803633782042343092e-02
1.092500000000000000e+03,6.210120110685405509e-02
1.092799999999999955e+03,6.689597686316088587e-02
1.093200000000000045e+03,7.016168330679756204e-02
1.093500000000000000e+03,7.308024590091091732e-02
1.093799999999999955e+03,7.769623959921388712e-02
1.094200000000000045e+03,8.275609700353540876e-02
1.094500000000000000e+03,8.699614330652677419e-02
1.094799999999999955e+03,9.048987743944139628e-02
1.095200000000000045e+03,9.477635452629608326e-02
1.095500000000000000e+03,1.008091609364295815e-01
1.095799999999999955e+03,1.068808748577733808e-01
1.096200000000000045e+03,1.110964035392708882e-01
1.096500000000000000e+03,1.155313903915706764e-01
1.096799999999999955e+03,1.220955962296105118e-01
1.097200000000000045e+03,1.290030564217989617e-01
1.097500000000000000e+03,1.340911143654730242e-01
1.097799999999999955e+03,1.397976915322779734e-01
1.098200000000000045e+03,1.464873086613434350e-01
1.098500000000000000e+03,1.538508854276408877e-01
1.098799999999999955e+03,1.610274813009422989e-01
1.099200000000000045e+03,1.672245361601640556e-01
1.099500000000000000e+03,1.736200991901418189e-01
1.099799999999999955e+03,1.813844280870620385e-01
1.100200000000000045e+03,1.873699754989657518e-01
1.100500000000000000e+03,1.929745336189645222e-01
1.100799999999999955e+03,2.003549146400759318e-01
1.101200000000000045e+03,2.089296130854039757e-01
1.101500000000000000e+03,2.161225086571402776e-01
1.101799999999999955e+03,2.238721138568339486e-01
1.102200000000000045e+03,2.322736796357106892e-01
1.102500000000000000e+03,2.403809238746330013e-01
1.102799999999999955e+03,2.494020391405182835e-01
1.103200000000000045e+03,2.568029450667349556e-01
1.103500000000000000e+03,2.638153128165210970e-01
1.103799999999999955e+03,2.724582733257731593e-01
1.104200000000000045e+03,2.812548369040225871e-01
1.104500000000000000e+03,2.872764332080832705e-01
1.104799999999999955e+03,2.966197059269439218e-01
1.105200000000000045e+03,3.057032106987658260e-01
1.105500000000000000e+03,3.135450869144291164e-01
1.105799999999999955e+03,3.207007680303629038e-01
1.106200000000000045e+03,3.280952931131190242e-01
1.106500000000000000e+03,3.351197319677078346e-01
1.106799999999999955e+03,3.433997700425848731e-01
1.107200000000000045e+03,3.481769367055343456e-01
1.107500000000000000e+03,3.554675819990698038e-01
1.107799999999999955e+03,3.655947916131249142e-01
1.108200000000000045e+03,3.733361117160813869e-01
1.108500000000000000e+03,3.797519389713328031e-01
1.108799999999999955e+03,3.868120546330521825e-01
1.109200000000000045e+03,3.936407041430993181e-01
1.109500000000000000e+03,4.024389433137701144e-01
1.109799999999999955e+03,4.105820889699131615e-01
1.110200000000000045e+03,4.151451800405686621e-01
1.110500000000000000e+03,4.239357093413646527e-01
1.110799999999999955e+03,4.336107094491861158e-01
1.111200000000000045e+03,4.400479478359838326e-01
1.111500000000000000e+03,4.473011348244479990e-01
1.111799999999999955e+03,4.528975799036207839e-01
1.112200000000000045e+03,4.614238090876438547e-01
1.112500000000000000e+03,4.709773263969528889e-01
1.112799999999999955e+03,4.730423243999550276e-01
1.113200000000000045e+03,4.796229986444582871e-01
1.113500000000000000e+03,4.868554096577114576e-01
1.113799999999999955e+03,4.953361223155474669e-01
1.114200000000000045e+03,5.009564815133983329e-01
1.114500000000000000e+03,5.068739827890221816e-01
1.114799999999999955e+03,5.174876622934798664e-01
1.115200000000000045e+03,5.243243172456375500e-01
1.115500000000000000e+03,5.333348954876209191e-01
1.115799999999999955e+03,5.388898453732868798e-01
1.116200000000000045e+03,5.484032248931381970e-01
1.116500000000000000e+03,5.623413251903490728e-01
1.116799999999999955e+03,5.692460162787101874e-01
1.117200000000000045e+03,5.778298856282210183e-01
1.117500000000000000e+03,5.885725452612012853e-01
1.117799999999999955e+03,5.951137709938006948e-01
1.118200000000000045e+03,6.070158063410442395e-01
1.118500000000000000e+03,6.123503917247734574e-01
1.118799999999999955e+03,6.228737089440288255e-01
1.119200000000000045e+03,6.335778706712547059e-01
1.119500000000000000e+03,6.456542290346555246e-01
1.119799999999999955e+03,6.514783683512200829e-01
1.120200000000000045e+03,6.588704043340734007e-01
1.120500000000000000e+03,6.722023091115667537e-01
1.120799999999999955e+03,6.807693586937414443e-01
1.121200000000000045e+03,6.888108826526807560e-01
1.121500000000000000e+03,6.963057796029314961e-01
1.121799999999999955e+03,7.045308260711934389e-01
1.122200000000000045e+03,7.194489780036994464e-01
1.122500000000000000e+03,7.272772456558235232e-01
1.122799999999999955e+03,7.363766349615140649e-01
1.123200000000000045e+03,7.474807281756634669e-01
1.123500000000000000e+03,7.587522640818465947e-01
1.123799999999999955e+03,7.717915155850123554e-01
1.124200000000000045e+03,7.742834919124593762e-01
1.124500000000000000e+03,7.794710681646506156e-01
1.124799999999999955e+03,7.930489601281979217e-01
1.125200000000000045e+03,7.989139416674042593e-01
1.125500000000000000e+03,8.024167763085847671e-01
1.125900000000000091e+03,8.072350302488381368e-01
1.126200000000000045e+03,8.173348179780711709e-01
1.126500000000000000e+03,8.262281737435991369e-01
1.126900000000000091e+03,8.214856851283272032e-01
1.127200000000000045e+03,8.243279016759804678e-01
1.127500000000000000e+03,8.256576326213266315e-01
1.127900000000000091e+03,8.350260034320117208e-01
1.128200000000000045e+03,8.340651974086629172e-01
1.128500000000000000e+03,8.317637711026709679e-01
1.128900000000000091e+03,8.390734899101361943e-01
1.129200000000000045e+03,8.406205448507713118e-01
1.129500000000000000e+03,8.415889023429107274e-01
1.129900000000000091e+03,8.344493870828425530e-01
1.130200000000000045e+03,8.323385316531474176e-01
1.130500000000000000e+03,8.340651974086629172e-01
1.130900000000000091e+03,8.383010304515522426e-01
1.131200000000000045e+03,8.373364560836560333e-01
1.131500000000000000e+03,8.288959162731061037e-01
1.131900000000000091e+03,8.329136893713077194e-01
1.132200000000000045e+03,8.319553138400206382e-01
1.132500000000000000e+03,8.277515449305721251e-01
1.132900000000000091e+03,8.260379495771786873e-01
1.133200000000000045e+03,8.264184417157957041e-01
1.133500000000000000e+03,8.267991091178706897e-01
1.133900000000000091e+03,8.275609700353537823e-01
1.134200000000000045e+03,8.237586727618758653e-01
1.134500000000000000e+03,8.220533433757728492e-01
1.134900000000000091e+03,8.228108312679314196e-01
1.135200000000000045e+03,8.207294171789767390e-01
1.135500000000000000e+03,8.165823713585924626e-01
1.135900000000000091e+03,8.147042840208396086e-01
1.136200000000000045e+03,8.081649291125372336e-01
1.136500000000000000e+03,8.016780633876791073e-01
1.136900000000000091e+03,8.035261221856172531e-01
1.137200000000000045e+03,7.965260797837785400e-01
1.137500000000000000e+03,7.852356346100717310e-01
1.137900000000000091e+03,7.910428328190834968e-01
1.138200000000000045e+03,7.897688493998856751e-01
1.138500000000000000e+03,7.825282050666119149e-01
1.138900000000000091e+03,7.798301105232586794e-01
1.139200000000000045e+03,7.818078017635864407e-01
1.139500000000000000e+03,7.801893182650613268e-01
1.139900000000000091e+03,7.787534792924759586e-01
1.140200000000000045e+03,7.782157212031626248e-01
1.140500000000000000e+03,7.703711316976092904e-01
1.140900000000000091e+03,7.776783344557056665e-01
1.141200000000000045e+03,7.757110892755267884e-01
1.141500000000000000e+03,7.717915155850123554e-01
1.141900000000000091e+03,7.664785401625910932e-01
1.142200000000000045e+03,7.675382012183767921e-01
1.142500000000000000e+03,7.677149537690280967e-01
1.142900000000000091e+03,7.626056174186723879e-01
1.143200000000000045e+03,7.561361470777292482e-01
1.143500000000000000e+03,7.549183812702821017e-01
1.143900000000000091e+03,7.540497494853076743e-01
1.144200000000000045e+03,7.526620170564827239e-01
1.144500000000000000e+03,7.478250350455647455e-01
1.144900000000000091e+03,7.447319739059889976e-01
1.145200000000000045e+03,7.419933277899435353e-01
1.145500000000000000e+03,7.389243870344742726e-01
1.145900000000000091e+03,7.372249081043360519e-01
1.146200000000000045e+03,7.279474013242676067e-01
1.146500000000000000e+03,7.237690370745289981e-01
1.146900000000000091e+03,7.207754733695281857e-01
1.147200000000000045e+03,7.161434102129020651e-01
1.147500000000000000e+03,7.128530301265195712e-01
1.147900000000000091e+03,7.069683964494022366e-01
1.148200000000000045e+03,7.004868712316824064e-01
1.148500000000000000e+03,6.961454677293984483e-01
1.148900000000000091e+03,6.839116472814293912e-01
1.149200000000000045e+03,6.754605666335010694e-01
1.149500000000000000e+03,6.705018801628415126e-01
1.149900000000000091e+03,6.657328693784391183e-01
1.150200000000000045e+03,6.565986719783567516e-01
1.150500000000000000e+03,6.455055787690061608e-01
1.150900000000000091e+03,6.373823014383467322e-01
1.151200000000000045e+03,6.283476569844775872e-01
1.151500000000000000e+03,6.204403011913813826e-01
1.151900000000000091e+03,6.108013665001676973e-01
1.152200000000000045e+03,6.014506519775484339e-01
1.152500000000000000e+03,5.897935244900742724e-01
1.152900000000000091e+03,5.787619883491206263e-01
1.153200000000000045e+03,5.705582638711286236e-01
1.153500000000000000e+03,5.598865052860272362e-01
1.153900000000000091e+03,5.495408738576245122e-01
1.154200000000000045e+03,5.413772478826867074e-01
1.154500000000000000e+03,5.300294488357958356e-01
1.154900000000000091e+03,5.208348068742079118e-01
1.155200000000000045e+03,5.062907583460218852e-01
1.155500000000000000e+03,4.967066792234226535e-01
1.155900000000000091e+03,4.879777272864858628e-01
1.156200000000000045e+03,4.806179647259542498e-01
1.156500000000000000e+03,4.700023181798010374e-01
1.156900000000000091e+03,4.578255227916938064e-01
1.157200000000000045e+03,4.492623246702933670e-01
1.157500000000000000e+03,4.396428352878889445e-01
1.157900000000000091e+03,4.303283913057769916e-01
1.158200000000000045e+03,4.223767459498085630e-01
1.158500000000000000e+03,4.094491746326883175e-01
1.158900000000000091e+03,4.024389433137701144e-01
1.159200000000000045e+03,3.921931463326500666e-01
1.159500000000000000e+03,3.820322268844107971e-01
1.159900000000000091e+03,3.736801253821157021e-01
1.160200000000000045e+03,3.667752315994951551e-01
1.160500000000000000e+03,3.586740857699508012e-01
1.160900000000000091e+03,3.505096668066928767e-01
1.161200000000000045e+03,3.433207084260954667e-01
1.161500000000000000e+03,3.344259735337342110e-01
1.161900000000000091e+03,3.285488867709725480e-01
1.162200000000000045e+03,3.193007951074663953e-01
1.162500000000000000e+03,3.110283668685143166e-01
1.162900000000000091e+03,3.029702602661418220e-01
1.163200000000000045e+03,2.953928642960279571e-01
1.163500000000000000e+03,2.874749452936369853e-01
1.163900000000000091e+03,2.817085316769389891e-01
1.164200000000000045e+03,2.734009378505611321e-01
1.164500000000000000e+03,2.644843626854361252e-01
1.164900000000000091e+03,2.565074598777471460e-01
1.165200000000000045e+03,2.500921153780118478e-01
1.165500000000000000e+03,2.427727847680997697e-01
1.165900000000000091e+03,2.368099793873792158e-01
1.166200000000000045e+03,2.291395205272897251e-01
1.166500000000000000e+03,2.221263089298424476e-01
1.166900000000000091e+03,2.145359115815708984e-01
1.167200000000000045e+03,2.068711839599833568e-01
1.167500000000000000e+03,1.993884512520855412e-01
1.167900000000000091e+03,1.917785364482653410e-01
1.168200000000000045e+03,1.855239575549284814e-01
1.168500000000000000e+03,1.777051442314558360e-01
1.168900000000000091e+03,1.708047720059708285e-01
1.169200000000000045e+03,1.641345466702140987e-01
1.169500000000000000e+03,1.568194765915965905e-01
1.169900000000000091e+03,1.515653755696977079e-01
1.170200000000000045e+03,1.446105573654734022e-01
1.170500000000000000e+03,1.385160185924461662e-01
1.170900000000000091e+03,1.321599908779209354e-01
1.171200000000000045e+03,1.256608520076331614e-01
1.171500000000000000e+03,1.193713210192805102e-01
1.171900000000000091e+03,1.143404770920225244e-01
1.172200000000000045e+03,1.081184970594469413e-01
1.172500000000000000e+03,1.020704430766584958e-01
1.172900000000000091e+03,9.647171518961675241e-02
1.173200000000000045e+03,9.149555587213815955e-02
1.173500000000000000e+03,8.594092029532832133e-02
1.173900000000000091e+03,8.068633703638189436e-02
1.174200000000000045e+03,7.587522640818467057e-02
1.174500000000000000e+03,7.156488866926985493e-02
1.174900000000000091e+03,6.688057526849240653e-02
1.175200000000000045e+03,6.225869310387435046e-02
1.175599999999999909e+03,5.806307069668667498e-02
1.175900000000000091e+03,5.403809120790773607e-02
1.176200000000000045e+03,4.971643737252428447e-02
1.176599999999999909e+03,4.565622502022356755e-02
1.176900000000000091e+03,4.176379929509738825e-02
1.177200000000000045e+03,3.812413511042990477e-02
1.177599999999999909e+03,3.507518739525679330e-02
1.177900000000000091e+03,3.206269324505466034e-02
1.178200000000000045e+03,2.903354055515313878e-02
1.178599999999999909e+03,2.634510901466034435e-02
1.178900000000000091e+03,2.391112445949695672e-02
1.179200000000000045e+03,2.138946884169514936e-02
1.179599999999999909e+03,1.930634221416199087e-02
1.179900000000000091e+03,1.736200991901418189e-02
1.180200000000000045e+03,1.551315029293407616e-02
1.180599999999999909e+03,1.404429683577948160e-02
1.180900000000000091e+03,1.275851122346881306e-02
1.181200000000000045e+03,1.162251191288211048e-02
1.181599999999999909e+03,1.076465213629834890e-02
1.181900000000000091e+03,1.003690930920096529e-02
1.182200000000000045e+03,9.541134102819799276e-03
1.182599999999999909e+03,9.298223905853808188e-03
1.182900000000000091e+03,9.321804703416081833e-03
1.183200000000000045e+03,9.501671247555642380e-03
1.183599999999999909e+03,9.851446428040351241e-03
1.183900000000000091e+03,1.058522271290409343e-02
1.184200000000000045e+03,1.142352141036301512e-02
1.184599999999999909e+03,1.254007113248129315e-02
1.184900000000000091e+03,1.393798523112824497e-02
1.185200000000000045e+03,1.568555897680291508e-02
1.185599999999999909e+03,1.767665150928227069e-02
1.185900000000000091e+03,1.971060705241033453e-02
1.186200000000000045e+03,2.204956367969634554e-02
1.186599999999999909e+03,2.464903945604658003e-02
1.186900000000000091e+03,2.764394371220335947e-02
1.187200000000000045e+03,3.118889584093936795e-02
1.187599999999999909e+03,3.490599322048291986e-02
1.187900000000000091e+03,3.873468245564425788e-02
1.188200000000000045e+03,4.285485203974396390e-02
1.188599999999999909e+03,4.705437399531805370e-02
1.188900000000000091e+03,5.157034063026460363e-02
1.189200000000000045e+03,5.663696854647214118e-02
1.189599999999999909e+03,6.144690317057614065e-02
1.189900000000000091e+03,6.661929002234555364e-02
1.190200000000000045e+03,7.221044144820455701e-02
1.190599999999999909e+03,7.701937676097962704e-02
1.190900000000000091e+03,8.417827076608126735e-02
1.191200000000000045e+03,9.069847815057925644e-02
1.191599999999999909e+03,9.853715068586185732e-02
1.191900000000000091e+03,1.056574196002929150e-01
1.192200000000000045e+03,1.132400363235556845e-01
1.192599999999999909e+03,1.204481128573175880e-01
1.192900000000000091e+03,1.279381304157524712e-01
1.193200000000000045e+03,1.356750530299861424e-01
1.193599999999999909e+03,1.444109084416121402e-01
1.193900000000000091e+03,1.532851206362935703e-01
1.194200000000000045e+03,1.619571030955038737e-01
1.194599999999999909e+03,1.727825980507863568e-01
1.194900000000000091e+03,1.828100216142742873e-01
1.195200000000000045e+03,1.916902395011128024e-01
1.195599999999999909e+03,2.016972607033110654e-01
1.195900000000000091e+03,2.112515966240852694e-01
1.196200000000000045e+03,2.201405260828143973e-01
1.196599999999999909e+03,2.304092976055845954e-01
1.196900000000000091e+03,2.412126056092574189e-01
1.197200000000000045e+03,2.519416678187035852e-01
1.197599999999999909e+03,2.625427318993699966e-01
1.197900000000000091e+03,2.694635332350473478e-01
1.198200000000000045e+03,2.824879974915706637e-01
1.198599999999999909e+03,2.945099689996017456e-01
1.198900000000000091e+03,3.063373844696428150e-01
1.199200000000000045e+03,3.183464417556433057e-01
1.199599999999999909e+03,3.271146540182664486e-01
1.199900000000000091e+03,3.365890629492521158e-01
1.200200000000000045e+03,3.474561474970437880e-01
1.200599999999999909e+03,3.617428867642181189e-01
1.200900000000000091e+03,3.729924147524734668e-01
1.201200000000000045e+03,3.844147117595778096e-01
1.201599999999999909e+03,3.967345289316547285e-01
1.201900000000000091e+03,4.092606597300108562e-01
1.202200000000000045e+03,4.279568675300527425e-01
1.202599999999999909e+03,4.413671434634395818e-01
1.202900000000000091e+03,4.487453899331321772e-01
1.203200000000000045e+03,4.541507126325546873e-01
1.203599999999999909e+03,4.698941086052154659e-01
1.203900000000000091e+03,4.779692969796100477e-01
1.204200000000000045e+03,4.864072056914615638e-01
1.204599999999999909e+03,5.006105525288209179e-01
1.204900000000000091e+03,5.147543199312623052e-01
1.205200000000000045e+03,5.252910484500483701e-01
1.205599999999999909e+03,5.430002130657379800e-01
1.205900000000000091e+03,5.574424015437458024e-01
1.206200000000000045e+03,5.680675741067723328e-01
1.206599999999999909e+03,5.780960474057180720e-01
1.206900000000000091e+03,5.876246425275583052e-01
1.207200000000000045e+03,6.035315805032602787e-01
1.207599999999999909e+03,6.139033453609349378e-01
1.207900000000000091e+03,6.233041235019451953e-01
1.208200000000000045e+03,6.428357186713857807e-01
1.208599999999999909e+03,6.582638416409017923e-01
1.208900000000000091e+03,6.722023091115667537e-01
1.209200000000000045e+03,6.831247179792929725e-01
1.209599999999999909e+03,6.939049730731630117e-01
1.209900000000000091e+03,7.011323406867363550e-01
1.210200000000000045e+03,7.269423992141195168e-01
1.210599999999999909e+03,7.471365798284315130e-01
1.210900000000000091e+03,7.507580541199371238e-01
1.211200000000000045e+03,7.744617978025186700e-01
1.211599999999999909e+03,7.908607094441397756e-01
1.211900000000000091e+03,8.098414473257884438e-01
1.212200000000000045e+03,8.230003122773447144e-01
1.212599999999999909e+03,8.352182974126013404e-01
1.212900000000000091e+03,8.645696780339127141e-01
1.213200000000000045e+03,8.725694427701162770e-01
1.213599999999999909e+03,8.840971692004955251e-01
1.213900000000000091e+03,9.132716996648165830e-01
1.214200000000000045e+03,9.291803138236615078e-01
1.214599999999999909e+03,9.379938696184887403e-01
1.214900000000000091e+03,9.453660459579652509e-01
1.215200000000000045e+03,9.774622640495892467e-01
1.215599999999999909e+03,9.871883010683961679e-01
1.215900000000000091e+03,1.016248692870695525e+00
1.216200000000000045e+03,1.036811964061026048e+00
1.216599999999999909e+03,1.044720219220800050e+00
1.216900000000000091e+03,1.064878356126963022e+00
1.217200000000000045e+03,1.084176526153171505e+00
1.217599999999999909e+03,1.080687181144311504e+00
1.217900000000000091e+03,1.105095982331538718e+00
1.218200000000000045e+03,1.125122992965766677e+00
1.218599999999999909e+03,1.133704838105410673e+00
1.218900000000000091e+03,1.147096619773556148e+00
1.219200000000000045e+03,1.144985534690188933e+00
1.219599999999999909e+03,1.151595608318034314e+00
1.219900000000000091e+03,1.166540980147056317e+00
1.220200000000000045e+03,1.172735305779378345e+00
1.220599999999999909e+03,1.170577035963137780e+00
1.220900000000000091e+03,1.179777203051193268e+00
1.221200000000000045e+03,1.179505580584005564e+00
1.221599999999999909e+03,1.184949930976177956e+00
1.221900000000000091e+03,1.184404366997166225e+00
1.222200000000000045e+03,1.194538082933886303e+00
1.222599999999999909e+03,1.201434226544639383e+00
1.222900000000000091e+03,1.216186000646368059e+00
1.223200000000000045e+03,1.233388798801108299e+00
1.223599999999999909e+03,1.223488805326814921e+00
1.223900000000000091e+03,1.242224241293733433e+00
1.224200000000000045e+03,1.255451673687138614e+00
1.224599999999999909e+03,1.254295892302317972e+00
1.224900000000000091e+03,1.256319208581220703e+00
1.225299999999999955e+03,1.270574105208541749e+00
1.225599999999999909e+03,1.304968414130222909e+00
1.225900000000000091e+03,1.297477991939387953e+00
1.226299999999999955e+03,1.304667968639895204e+00
1.226599999999999909e+03,1.282921253709401688e+00
1.226900000000000091e+03,1.288546216267973055e+00
1.227299999999999955e+03,1.298972628897854698e+00
1.227599999999999909e+03,1.299870237388603744e+00
1.227900000000000091e+03,1.317043138199841312e+00
1.228299999999999955e+03,1.295686697517019370e+00
1.228599999999999909e+03,1.289139750385607242e+00
1.228900000000000091e+03,1.280560200703792173e+00
1.229299999999999955e+03,1.280855094536278660e+00
1.229599999999999909e+03,1.278497844033209097e+00
1.229900000000000091e+03,1.287656427432767314e+00
1.230299999999999955e+03,1.269112144445190715e+00
1.230599999999999909e+03,1.272916746193560211e+00
1.230900000000000091e+03,1.281740183554090029e+00
1.231299999999999955e+03,1.292706700806763642e+00
1.231599999999999909e+03,1.284694899831192894e+00
1.231900000000000091e+03,1.285582642208866311e+00
1.232299999999999955e+03,1.316739912721619499e+00
1.232599999999999909e+03,1.308277884445235406e+00
1.232900000000000091e+03,1.304367592321734159e+00
1.233299999999999955e+03,1.318256738556407015e+00
1.233599999999999909e+03,1.320687295146423690e+00
1.233900000000000091e+03,1.324951557462096030e+00
1.234299999999999955e+03,1.340293773418309797e+00
1.234599999999999909e+03,1.362385460030834938e+00
1.234900000000000091e+03,1.343692830750651712e+00
1.235299999999999955e+03,1.353630090671455122e+00
1.235599999999999909e+03,1.366155075690409948e+00
1.235900000000000091e+03,1.343692830750651712e+00
1.236299999999999955e+03,1.350827831650866173e+00
1.236599999999999909e+03,1.344930987688125246e+00
1.236900000000000091e+03,1.366155075690409948e+00
1.237299999999999955e+03,1.350516827855039237e+00
1.237599999999999909e+03,1.350516827855039237e+00
1.237900000000000091e+03,1.336903314472804416e+00
1.238299999999999955e+03,1.307374470163132685e+00
1.238599999999999909e+03,1.322817708009934812e+00
1.238900000000000091e+03,1.320383230666652974e+00
1.239299999999999955e+03,1.307976677008932054e+00
1.239599999999999909e+03,1.311897788609633242e+00
1.239900000000000091e+03,1.303466878241013482e+00
1.240299999999999955e+03,1.273796349700194064e+00
1.240599999999999909e+03,1.279675926507795269e+00
1.240900000000000091e+03,1.292111524425930247e+00
1.241299999999999955e+03,1.316133671185729215e+00
1.241599999999999909e+03,1.282330582656021623e+00
1.241900000000000091e+03,1.260665883524444641e+00
1.242299999999999955e+03,1.247383514242943026e+00
1.242599999999999909e+03,1.264445164690068957e+00
1.242900000000000091e+03,1.254873649930481116e+00
1.243299999999999955e+03,1.241652307592411075e+00
1.243599999999999909e+03,1.210598133550482292e+00
1.243900000000000091e+03,1.239652612523252539e+00
1.244299999999999955e+03,1.226874104638340457e+00
1.244599999999999909e+03,1.231969624569229982e+00
1.244900000000000091e+03,1.237086307489270398e+00
1.245299999999999955e+03,1.223770556471828419e+00
1.245599999999999909e+03,1.190419411347962919e+00
1.245900000000000091e+03,1.192888907056869785e+00
1.246299999999999955e+03,1.203926572216007740e+00
1.246599999999999909e+03,1.177877158536942970e+00
1.246900000000000091e+03,1.183859054201809924e+00
1.247299999999999955e+03,1.182224621761462924e+00
1.247599999999999909e+03,1.193163611503673005e+00
1.247900000000000091e+03,1.195363525673718508e+00
1.248299999999999955e+03,1.178691088341960569e+00
1.248599999999999909e+03,1.178419715933136658e+00
1.248900000000000091e+03,1.183313992474461562e+00
1.249299999999999955e+03,1.172195365548130530e+00
1.249599999999999909e+03,1.155846068156223261e+00
1.249900000000000091e+03,1.157977177518939804e+00
1.250299999999999955e+03,1.148682487546109465e+00
1.250599999999999909e+03,1.109174815262401026e+00
1.250900000000000091e+03,1.107388476691327339e+00
1.251299999999999955e+03,1.095216555366736122e+00
1.251599999999999909e+03,1.089180857622653376e+00
1.251900000000000091e+03,1.106114282218078504e+00
1.252299999999999955e+03,1.083178422384583284e+00
1.252599999999999909e+03,1.064388074421428465e+00
1.252900000000000091e+03,1.046405467047426097e+00
1.253299999999999955e+03,1.008091609364295538e+00
1.253599999999999909e+03,1.001613109228308929e+00
1.253900000000000091e+03,1.007395484811250963e+00
1.254299999999999955e+03,9.938023056811180478e-01
1.254599999999999909e+03,9.801668268662840910e-01
1.254900000000000091e+03,9.770122296741541312e-01
1.255299999999999955e+03,9.525767998554599547e-01
1.255599999999999909e+03,9.183325964835808985e-01
1.255900000000000091e+03,9.040657155196579753e-01
1.256299999999999955e+03,9.094943385552953785e-01
1.256599999999999909e+03,9.034414246950016603e-01
1.256900000000000091e+03,8.633760555974380191e-01
1.257299999999999955e+03,8.363729915840258933e-01
1.257599999999999909e+03,8.241381150130022704e-01
1.257900000000000091e+03,8.081649291125372336e-01
1.258299999999999955e+03,7.735706787749389024e-01
1.258599999999999909e+03,7.531821171741790444e-01
1.258900000000000091e+03,7.409689339136990016e-01
1.259299999999999955e+03,7.392647526562267091e-01
1.259599999999999909e+03,7.277798045368241153e-01
1.259900000000000091e+03,7.126889085463733453e-01
1.260299999999999955e+03,7.281150367067409368e-01
1.260599999999999909e+03,6.974289968817338758e-01
1.260900000000000091e+03,6.824958265220595344e-01
1.261299999999999955e+03,6.507287577548785951e-01
1.261599999999999909e+03,6.413572375458584940e-01
1.261900000000000091e+03,6.395875480508259603e-01
1.262299999999999955e+03,6.181587200579917729e-01
1.262599999999999909e+03,5.975854297155727135e-01
1.262900000000000091e+03,5.788952685656602037e-01
1.263299999999999955e+03,5.795621301763040911e-01
1.263599999999999909e+03,5.872188659713032388e-01
1.263900000000000091e+03,5.753074526484431850e-01
1.264299999999999955e+03,5.522045744453589755e-01
1.264599999999999909e+03,5.314959995066479426e-01
1.264900000000000091e+03,5.377742459634422545e-01
1.265299999999999955e+03,5.078085396648891470e-01
1.265599999999999909e+03,5.139253022834873175e-01
1.265900000000000091e+03,4.967066792234226535e-01
1.266299999999999955e+03,4.768699981017778811e-01
1.266599999999999909e+03,4.561419344219828642e-01
1.266900000000000091e+03,4.350107606306969354e-01
1.267299999999999955e+03,4.223767459498085630e-01
1.267599999999999909e+03,4.076617833479446729e-01
1.267900000000000091e+03,3.892243481644414582e-01
1.268299999999999955e+03,3.814169596669386153e-01
1.268599999999999909e+03,3.795770970025317270e-01
1.268900000000000091e+03,3.603296501281600395e-01
1.269299999999999955e+03,3.610771451003529364e-01
1.269599999999999909e+03,3.460987254853526984e-01
1.269900000000000091e+03,3.354285308326896975e-01
1.270299999999999955e+03,3.137617510118750341e-01
1.270599999999999909e+03,3.104559588128355530e-01
1.270900000000000091e+03,2.835959340356762892e-01
1.271299999999999955e+03,2.792543841237337676e-01
1.271599999999999909e+03,2.765030969835680086e-01
1.271900000000000091e+03,2.784197248883564235e-01
1.272299999999999955e+03,2.561533264087947348e-01
1.272599999999999909e+03,2.364830402039224677e-01
1.272900000000000091e+03,2.191795343844130106e-01
1.273299999999999955e+03,2.192300081480530738e-01
1.273599999999999909e+03,2.086892123914335373e-01
1.273900000000000091e+03,1.925307045077682966e-01
1.274299999999999955e+03,1.793907311734204979e-01
1.274599999999999909e+03,1.761976046411629082e-01
1.275000000000000000e+03,1.655388752236246208e-01
1.275299999999999955e+03,1.502449902998914399e-01
1.275599999999999909e+03,1.488675359492364070e-01
1.276000000000000000e+03,1.369304388391207605e-01
1.276299999999999955e+03,1.269696726780944196e-01
1.276599999999999909e+03,1.180048888068966351e-01
1.277000000000000000e+03,1.095973365523806170e-01
1.277299999999999955e+03,1.007859514415030272e-01
1.277599999999999909e+03,9.447132357271360859e-02
1.278000000000000000e+03,9.440608762859235836e-02
1.278299999999999955e+03,8.705625887413546982e-02
1.278599999999999909e+03,7.934142567771249044e-02
1.279000000000000000e+03,7.105587633694734895e-02
1.279299999999999955e+03,6.851726201349490897e-02
1.279599999999999909e+03,6.163111147419841201e-02
1.280000000000000000e+03,5.054753713597984199e-02
1.280299999999999955e+03,6.084151222917086321e-02
1.280599999999999909e+03,5.107401503571954576e-02
1.281000000000000000e+03,4.213082854040085118e-02
1.281299999999999955e+03,3.894933077036544927e-02
1.281599999999999909e+03,3.496230040027018676e-02
1.282000000000000000e+03,3.181998715530310468e-02
1.282299999999999955e+03,2.939679609492416856e-02
1.282599999999999909e+03,2.981947547925596978e-02
1.283000000000000000e+03,2.535128630497907043e-02
1.283299999999999955e+03,2.724582733257731662e-02
1.283599999999999909e+03,2.445682072104373925e-02
1.284000000000000000e+03,2.271956437735267800e-02
1.284299999999999955e+03,2.856274877264104728e-02
1.284599999999999909e+03,3.133285724315585524e-02
1.285000000000000000e+03,2.682872290666663342e-02
1.285299999999999955e+03,3.285488867709725203e-02
1.285599999999999909e+03,3.276423256853784605e-02
1.286000000000000000e+03,3.290788720121735206e-02
1.286299999999999955e+03,4.369180633852880885e-02
1.286599999999999909e+03,4.196623420398315485e-02
1.287000000000000000e+03,4.452459727917414123e-02
1.287299999999999955e+03,4.943106869868353626e-02
1.287599999999999909e+03,4.842838652278512457e-02
1.288000000000000000e+03,6.726668104310994101e-02
1.288299999999999955e+03,6.223002851691595422e-02
1.288599999999999909e+03,7.121967704873782834e-02
1.289000000000000000e+03,7.050176668539835656e-02
1.289299999999999955e+03,6.853304051260454555e-02
1.289599999999999909e+03,7.535290502354002884e-02
1.290000000000000000e+03,9.788136113351812717e-02
1.290299999999999955e+03,1.003228820578000308e-01
1.290599999999999909e+03,1.241366439496040530e-01
1.291000000000000000e+03,1.179777203051193130e-01
1.291299999999999955e+03,1.215905995708825155e-01
1.291599999999999909e+03,1.404106338920448893e-01
1.292000000000000000e+03,1.488332618784253547e-01
1.292299999999999955e+03,1.729019932740680499e-01
1.292599999999999909e+03,1.689662634048705037e-01
1.293000000000000000e+03,1.992966506164718099e-01
1.293299999999999955e+03,1.961552787701081324e-01
1.293599999999999909e+03,2.166207224935879083e-01
1.294000000000000000e+03,1.781968406816416828e-01
1.294299999999999955e+03,2.107172064181979942e-01
1.294599999999999909e+03,2.314728186015242439e-01
1.295000000000000000e+03,2.805433637951714188e-01
1.295299999999999955e+03,2.423817964554633442e-01
1.295599999999999909e+03,2.634510901466033950e-01
1.296000000000000000e+03,3.089583947609875203e-01
1.296299999999999955e+03,3.259117363134844680e-01
1.296599999999999909e+03,3.397817118270832215e-01
1.297000000000000000e+03,3.369767985844035474e-01
1.297299999999999955e+03,3.575197187450260272e-01
1.297599999999999909e+03,4.879777272864858628e-01
1.298000000000000000e+03,4.600446663934780744e-01
1.298299999999999955e+03,5.375266487867444987e-01
1.298599999999999909e+03,5.196369200594044280e-01
1.299000000000000000e+03,4.628070862381131745e-01
1.299299999999999955e+03,5.333348954876209191e-01
1.299599999999999909e+03,5.714786366718670463e-01
1.300000000000000000e+03,4.780793661491186120e-01
1.300299999999999955e+03,5.080424479948442151e-01
1.300599999999999909e+03,6.692679069358425936e-01
1.301000000000000000e+03,6.581122882388996675e-01
1.301299999999999955e+03,7.912249981343125738e-01
1.301599999999999909e+03,6.376758944326093026e-01
1.302000000000000000e+03,7.411395679600757402e-01
1.302299999999999955e+03,6.345999009812868241e-01
1.302599999999999909e+03,7.107223944090933498e-01
1.303000000000000000e+03,8.673612184014638515e-01
1.303299999999999955e+03,7.168033065160516193e-01
1.303599999999999909e+03,8.598050666611745108e-01
1.304000000000000000e+03,8.816576902621912071e-01
1.304299999999999955e+03,8.751852708843356199e-01
1.304599999999999909e+03,9.767872901926907270e-01
1.305000000000000000e+03,9.521382230214031628e-01
1.305299999999999955e+03,8.655656238626567855e-01
1.305599999999999909e+03,8.306154404079226783e-01
1.306000000000000000e+03,8.820638021366731252e-01
1.306299999999999955e+03,8.735746039721522527e-01
1.306599999999999909e+03,9.311078754678303593e-01
1.307000000000000000e+03,9.136923736814542840e-01
1.307299999999999955e+03,8.319553138400206382e-01
1.307599999999999909e+03,1.114807803363842220e+00
1.308000000000000000e+03,1.226874104638340457e+00
1.308299999999999955e+03,1.311595747755547769e+00
1.308599999999999909e+03,1.702158508394950642e+00
1.309000000000000000e+03,1.528621628027266643e+00
1.309299999999999955e+03,1.020234487222063002e+00
1.309599999999999909e+03,1.258925411794167282e+00
1.310000000000000000e+03,1.014612012869582580e+00
1.310299999999999955e+03,1.651961798229015121e+00
1.310599999999999909e+03,1.290327638933335130e+00
1.311000000000000000e+03,1.381338129687367244e+00
1.311299999999999955e+03,1.489361077710915193e+00
1.311599999999999909e+03,1.381974405901295277e+00
1.312000000000000000e+03,1.364268965881705764e+00
1.312299999999999955e+03,1.422656328137182014e+00
1.312599999999999909e+03,1.415467818920924437e+00
1.313000000000000000e+03,1.661498677766655829e+00
1.313299999999999955e+03,1.725837891990203765e+00
1.313599999999999909e+03,4.094491746326883508e+00
1.314000000000000000e+03,1.363954867506638191e+00
1.314299999999999955e+03,6.899220098440474125e+00
1.314599999999999909e+03,1.329841862133163577e+00
1.315000000000000000e+03,1.153187695968511228e+00
1.315299999999999955e+03,1.346790362629099125e+00
1.315599999999999909e+03,4.947661736816763245e+00
1.316000000000000000e+03,1.795146927103156598e+00
1.316299999999999955e+03,1.363326887686346245e+00
1.316599999999999909e+03,1.433177561403550460e+00
1.317000000000000000e+03,1.585623230833548503e+00
1.317299999999999955e+03,1.195088314736272084e+00
1.317599999999999909e+03,1.256029963694874851e+00
1.318000000000000000e+03,9.421064995881912596e-01
1.318299999999999955e+03,2.104262908428287560e+00
1.318599999999999909e+03,1.175709425796245711e+00
1.319000000000000000e+03,1.345240705148632809e+00
1.319299999999999955e+03,3.158639048423471429e+00
1.319599999999999909e+03,1.527917833819605109e+00
1.320000000000000000e+03,1.141563304618845587e+00
1.320299999999999955e+03,8.165823713585924626e-01
1.320599999999999909e+03,9.740920524918583734e-01
1.321000000000000000e+03,1.055601503215929382e+00
1.321299999999999955e+03,2.411015486730410995e+00
1.321599999999999909e+03,2.761849442075293037e+00
1.322000000000000000e+03,3.440329187682278356e+00
1.322299999999999955e+03,1.844165953791010892e+00
1.322599999999999909e+03,2.358848235628984380e+00
1.323000000000000000e+03,2.084490883097288805e+00
1.323299999999999955e+03,1.178148406002925697e+00
1.323599999999999909e+03,1.558834467704390159e+00
1.324000000000000000e+03,1.842044001002505205e+00
1.324299999999999955e+03,1.872405895986799074e+00
1.324599999999999909e+03,3.979238776342248318e+00
1.325000000000000000e+03,2.408241299827827753e+00
1.325299999999999955e+03,2.985382618917959530e+00
1.325700000000000045e+03,2.330773115282637864e+00
1.326000000000000000e+03,1.879749595315562294e+00
1.326299999999999955e+03,6.394402945292840812e+00
1.326700000000000045e+03,5.395106225151276469e+00
1.327000000000000000e+03,2.236145198722521599e+00
1.327299999999999955e+03,8.894058875558917832e-01
1.327700000000000045e+03,1.026597021751553873e+00
1.328000000000000000e+03,1.850546489794708815e+00
1.328299999999999955e+03,1.317953233668545776e+00
1.328700000000000045e+03,1.870682140365800716e+00
1.329000000000000000e+03,8.986694950475262456e-01
1.329299999999999955e+03,1.404753102696877143e+00
1.329700000000000045e+03,9.032334235672457856e-01
1.330000000000000000e+03,1.771332128686980756e+00
1.330299999999999955e+03,6.709652064618782941e-01
1.330700000000000045e+03,3.828247433168228027e+12
1.331000000000000000e+03,3.984740097177750684e+00
1.331299999999999955e+03,2.172701178863744698e+00
1.331700000000000045e+03,1.229985523570471528e+01
1.332000000000000000e+03,9.217220986588751108e-01
1.332299999999999955e+03,1.072506665615703847e+00
1.332700000000000045e+03,1.176792793027720219e+00
1.333000000000000000e+03,2.937649651961530762e+12
1.333299999999999955e+03,7.561361470777292482e-01
1.333700000000000045e+03,1.644371723214928955e+12
1.334000000000000000e+03,1.004384495573915848e+00
1.334299999999999955e+03,5.613064076752013465e-01
1.334700000000000045e+03,2.408241299827827753e+00
1.335000000000000000e+03,6.300862465664395229e-01
1.335299999999999955e+03,1.875426291216755414e+00
1.335700000000000045e+03,7.272772456558235232e-01
1.336000000000000000e+03,4.335108783875289085e+00
1.336299999999999955e+03,7.741052270741221042e-01
1.336700000000000045e+03,1.765631222263376543e+00
1.337000000000000000e+03,4.193725496662332741e-01
1.337299999999999955e+03,1.093452696730920159e+00
1.337700000000000045e+03,7.115411150074336666e-01
1.338000000000000000e+03,7.645396264150442489e-01
1.338299999999999955e+03,3.277932453002280755e-01
1.338700000000000045e+03,1.599926382868598651e+01
1.339000000000000000e+03,1.618080037643064453e+12
1.339299999999999955e+03,9.931160484209334717e+11
1.339700000000000045e+03,4.797334486366901180e-13
1.340000000000000000e+03,2.338837238659353516e+12
1.340299999999999955e+03,5.438761317204079404e-01
1.340700000000000045e+03,8.480080988896918637e-01
1.341000000000000000e+03,1.732606741947431139e+00
1.341299999999999955e+03,5.095654806081142851e+00
1.341700000000000045e+03,6.856460841231653003e-01
1.342000000000000000e+03,3.962780342554395041e-01
1.342299999999999955e+03,2.537464645864965007e+00
1.342700000000000045e+03,1.327088849046500485e+00
1.343000000000000000e+03,1.105859619312615783e-01
1.343299999999999955e+03,1.171116230754439380e+00
1.343700000000000045e+03,4.613175745603790894e+11
1.344000000000000000e+03,1.247383514242943359e+12
1.344299999999999955e+03,4.645152752227494908e+00
1.344700000000000045e+03,1.445106984253964377e+01
1.345000000000000000e+03,1.382292653906137814e-01
1.345299999999999955e+03,2.064429232073990317e+00
1.345700000000000045e+03,1.720283405530434462e-01
1.346000000000000000e+03,7.834296427662120361e+11
1.346299999999999955e+03,8.298507675144234619e+11
1.346700000000000045e+03,1.047369686070393602e+00
1.347000000000000000e+03,3.374426709754133613e-01
1.347299999999999955e+03,3.170297366952723461e-01
1.347700000000000045e+03,4.375221051582520752e+11
1.348000000000000000e+03,8.016780633876790145e-14
1.348299999999999955e+03,1.442115351524870967e-13
1.348700000000000045e+03,1.840772001468958130e+11
1.349000000000000000e+03,1.150800388944435577e+11
1.349299999999999955e+03,4.375221051582520752e+11
1.349700000000000045e+03,3.584264080437143951e-01
1.350000000000000000e+03,1.053658803229716279e+00
