6.250000000000000000e+02	0.000000000000000000e+00
6.259980000000000473e+02	0.000000000000000000e+00
6.269959999999999809e+02	0.000000000000000000e+00
6.279940000000000282e+02	0.000000000000000000e+00
6.289919999999999618e+02	0.000000000000000000e+00
6.299900000000000091e+02	0.000000000000000000e+00
6.309880000000000564e+02	0.000000000000000000e+00
6.319859999999999900e+02	0.000000000000000000e+00
6.329840000000000373e+02	0.000000000000000000e+00
6.339819999999999709e+02	0.000000000000000000e+00
6.349800000000000182e+02	0.000000000000000000e+00
6.359779999999999518e+02	0.000000000000000000e+00
6.369759999999999991e+02	0.000000000000000000e+00
6.379741000000000213e+02	0.000000000000000000e+00
6.389720999999999549e+02	0.000000000000000000e+00
6.399701000000000022e+02	0.000000000000000000e+00
6.409681000000000495e+02	0.000000000000000000e+00
6.419660999999999831e+02	0.000000000000000000e+00
6.429641000000000304e+02	0.000000000000000000e+00
6.439620999999999640e+02	0.000000000000000000e+00
6.449601000000000113e+02	0.000000000000000000e+00
6.459580999999999449e+02	0.000000000000000000e+00
6.469560999999999922e+02	0.000000000000000000e+00
6.479541000000000395e+02	0.000000000000000000e+00
6.489520999999999731e+02	0.000000000000000000e+00
6.499501000000000204e+02	0.000000000000000000e+00
6.509480999999999540e+02	0.000000000000000000e+00
6.519461000000000013e+02	0.000000000000000000e+00
6.529441000000000486e+02	0.000000000000000000e+00
6.539420999999999822e+02	0.000000000000000000e+00
6.549401000000000295e+02	0.000000000000000000e+00
6.559380999999999631e+02	0.000000000000000000e+00
6.569361000000000104e+02	0.000000000000000000e+00
6.579340999999999440e+02	0.000000000000000000e+00
6.589320999999999913e+02	0.000000000000000000e+00
6.599301000000000386e+02	0.000000000000000000e+00
6.609280999999999722e+02	0.000000000000000000e+00
6.619261000000000195e+02	0.000000000000000000e+00
6.629242000000000417e+02	0.000000000000000000e+00
6.639221999999999753e+02	0.000000000000000000e+00
6.649202000000000226e+02	0.000000000000000000e+00
6.659181999999999562e+02	1.224460241007110884e-03
6.669162000000000035e+02	1.320275875763587178e-03
6.679142000000000507e+02	1.337246144854674530e-03
6.689121999999999844e+02	1.442684462536572261e-03
6.699102000000000317e+02	1.578379219717694539e-03
6.709081999999999653e+02	1.646561745353120098e-03
6.719062000000000126e+02	1.741745462769874776e-03
6.729041999999999462e+02	1.846338622495398213e-03
6.739021999999999935e+02	1.888330558101112546e-03
6.749002000000000407e+02	2.090473602581441152e-03
6.758981999999999744e+02	2.278057531747212667e-03
6.768962000000000216e+02	2.458732911526467953e-03
6.778941999999999553e+02	2.635348296781009521e-03
6.788922000000000025e+02	2.809428742186986881e-03
6.798902000000000498e+02	2.951875396178246531e-03
6.808881999999999834e+02	3.123570801944700309e-03
6.818862000000000307e+02	3.252355582094849061e-03
6.828841999999999643e+02	3.488762090264773373e-03
6.838822000000000116e+02	3.655201763188994923e-03
6.848801999999999452e+02	3.836171559124414935e-03
6.858781999999999925e+02	4.055502634645337043e-03
6.868762000000000398e+02	4.281257548285525606e-03
6.878742999999999483e+02	4.520620198974165636e-03
6.888722999999999956e+02	4.778864182788780494e-03
6.898703000000000429e+02	5.048372060637473097e-03
6.908682999999999765e+02	5.274460219780580800e-03
6.918663000000000238e+02	5.559102578619935613e-03
6.928642999999999574e+02	5.857127633113525314e-03
6.938623000000000047e+02	6.060633488257727818e-03
6.948603000000000520e+02	6.373696132568971301e-03
6.958582999999999856e+02	6.651373786867736254e-03
6.968563000000000329e+02	6.994414320139107077e-03
6.978542999999999665e+02	7.250890631957730356e-03
6.988523000000000138e+02	7.588885865287303689e-03
6.998502999999999474e+02	7.923760760275037549e-03
7.008482999999999947e+02	8.235399807052169036e-03
7.018463000000000420e+02	8.582056206677967508e-03
7.028442999999999756e+02	8.916574061796696260e-03
7.038423000000000229e+02	9.306749426853772392e-03
7.048402999999999565e+02	9.627747412464759263e-03
7.058383000000000038e+02	1.004719168186025448e-02
7.068363000000000511e+02	1.042360681633902088e-02
7.078342999999999847e+02	1.078726516885059744e-02
7.088323000000000320e+02	1.124927899405552510e-02
7.098302999999999656e+02	1.166374513280927366e-02
7.108283000000000129e+02	1.216273808189320335e-02
7.118262999999999465e+02	1.262616192145691284e-02
7.128243999999999687e+02	1.306064688775602882e-02
7.138224000000000160e+02	1.353436925953775162e-02
7.148203999999999496e+02	1.398507139664285567e-02
7.158183999999999969e+02	1.451815251944465514e-02
7.168164000000000442e+02	1.502235501506705116e-02
7.178143999999999778e+02	1.556077970933893162e-02
7.188124000000000251e+02	1.607032603684575151e-02
7.198103999999999587e+02	1.663277405162798608e-02
7.208084000000000060e+02	1.718322543597396168e-02
7.218064000000000533e+02	1.780921134848648113e-02
7.228043999999999869e+02	1.839238381207247003e-02
7.238024000000000342e+02	1.890854107065407033e-02
7.248003999999999678e+02	1.951542534048490013e-02
7.257984000000000151e+02	2.011428909912879245e-02
7.267963999999999487e+02	2.068797683335812237e-02
7.277943999999999960e+02	2.130678979012443422e-02
7.287924000000000433e+02	2.193670295693435704e-02
7.297903999999999769e+02	2.259564213606746544e-02
7.307884000000000242e+02	2.327544651454962338e-02
7.317863999999999578e+02	2.398674700564500453e-02
7.327844000000000051e+02	2.466368819064568979e-02
7.337824000000000524e+02	2.541039139637676914e-02
7.347803999999999860e+02	2.613914359446959171e-02
7.357784000000000333e+02	2.690118149412321774e-02
7.367763999999999669e+02	2.768671017590460665e-02
7.377744999999999891e+02	2.851705596109045324e-02
7.387725000000000364e+02	2.938808955039251894e-02
7.397704999999999700e+02	3.023788106880081344e-02
7.407685000000000173e+02	3.109983044005094552e-02
7.417664999999999509e+02	3.199469844330517232e-02
7.427644999999999982e+02	3.292441151550150324e-02
7.437625000000000455e+02	3.385306703524073452e-02
7.447604999999999791e+02	3.484105960568324722e-02
7.457585000000000264e+02	3.587936001528489738e-02
7.467564999999999600e+02	3.688683172769522539e-02
7.477545000000000073e+02	3.793307251143820946e-02
7.487525000000000546e+02	3.903534492212988594e-02
7.497504999999999882e+02	4.023321035279165542e-02
7.507485000000000355e+02	4.145128718359902820e-02
7.517464999999999691e+02	4.272328987943065787e-02
7.527445000000000164e+02	4.401743056948419913e-02
7.537424999999999500e+02	4.539116762818381362e-02
7.547404999999999973e+02	4.686169803382968929e-02
7.557385000000000446e+02	4.833829797621445185e-02
7.567364999999999782e+02	4.987750121496296873e-02
7.577345000000000255e+02	5.149732706729199389e-02
7.587324999999999591e+02	5.315180545852639382e-02
7.597305000000000064e+02	5.489397597130822593e-02
7.607285000000000537e+02	5.671326988439682332e-02
7.617264999999999873e+02	5.863964798223562230e-02
7.627246000000000095e+02	6.065007671625161773e-02
7.637226000000000568e+02	6.270151309224943070e-02
7.647205999999999904e+02	6.487509714978435815e-02
7.657186000000000377e+02	6.713433446056349396e-02
7.667165999999999713e+02	6.944239452962687464e-02
7.677146000000000186e+02	7.190923819571606868e-02
7.687125999999999522e+02	7.441000856749789560e-02
7.697105999999999995e+02	7.700838599897563697e-02
7.707086000000000467e+02	7.970606234237316567e-02
7.717065999999999804e+02	8.253877541903914539e-02
7.727046000000000276e+02	8.547741002920605791e-02
7.737025999999999613e+02	8.849485483941571529e-02
7.747006000000000085e+02	9.163147718943084885e-02
7.756986000000000558e+02	9.487053606011539020e-02
7.766965999999999894e+02	9.824067878868357473e-02
7.776946000000000367e+02	1.017289795012071979e-01
7.786925999999999704e+02	1.053476101384265978e-01
7.796906000000000176e+02	1.090146055915210549e-01
7.806885999999999513e+02	1.128265619540900350e-01
7.816865999999999985e+02	1.167682275140101145e-01
7.826846000000000458e+02	1.207622940712808762e-01
7.836825999999999794e+02	1.250042238376365411e-01
7.846806000000000267e+02	1.293038197577758286e-01
7.856785999999999603e+02	1.338252370096716937e-01
7.866766000000000076e+02	1.384261120798849221e-01
7.876747000000000298e+02	1.431983524257698925e-01
7.886726999999999634e+02	1.480964635186304557e-01
7.896707000000000107e+02	1.531550616793630470e-01
7.906686999999999443e+02	1.583232469202122961e-01
7.916666999999999916e+02	1.635854555967188873e-01
7.926647000000000389e+02	1.690147813342645078e-01
7.936626999999999725e+02	1.745814198386545779e-01
7.946607000000000198e+02	1.803369365474600250e-01
7.956586999999999534e+02	1.861649942292072646e-01
7.966567000000000007e+02	1.920899696275979451e-01
7.976547000000000480e+02	1.982126439224478620e-01
7.986526999999999816e+02	2.044080622463324004e-01
7.996507000000000289e+02	2.107097771934916264e-01
8.006486999999999625e+02	2.170657756893878965e-01
8.016467000000000098e+02	2.235723136762062524e-01
8.026446999999999434e+02	2.300618924354739803e-01
8.036426999999999907e+02	2.367798209819375888e-01
8.046407000000000380e+02	2.434023056883841962e-01
8.056386999999999716e+02	2.501792893482471247e-01
8.066367000000000189e+02	2.571410154152440342e-01
8.076346999999999525e+02	2.639923576128782035e-01
8.086326999999999998e+02	2.709763287410859034e-01
8.096307000000000471e+02	2.779572595484988140e-01
8.106286999999999807e+02	2.850917749583653515e-01
8.116267000000000280e+02	2.923241448381806995e-01
8.126248000000000502e+02	2.996663797579670607e-01
8.136227999999999838e+02	3.069950369856689898e-01
8.146208000000000311e+02	3.144643042368047148e-01
8.156187999999999647e+02	3.219867653423110210e-01
8.166168000000000120e+02	3.296335097042705775e-01
8.176147999999999456e+02	3.373064826156909057e-01
8.186127999999999929e+02	3.448508926815768705e-01
8.196108000000000402e+02	3.524828742672149184e-01
8.206087999999999738e+02	3.600626066504046263e-01
8.216068000000000211e+02	3.674046832383908168e-01
8.226047999999999547e+02	3.745513394774681037e-01
8.236028000000000020e+02	3.814562085893690169e-01
8.246008000000000493e+02	3.881843489046100104e-01
8.255987999999999829e+02	3.946493161019163365e-01
8.265968000000000302e+02	4.008341248113582167e-01
8.275947999999999638e+02	4.068472216375782491e-01
8.285928000000000111e+02	4.127667328839426109e-01
8.295907999999999447e+02	4.184125359847975512e-01
8.305887999999999920e+02	4.236215268528381039e-01
8.315868000000000393e+02	4.286913177557911125e-01
8.325847999999999729e+02	4.336287026575911252e-01
8.335828000000000202e+02	4.384479271543075818e-01
8.345807999999999538e+02	4.432186445091458871e-01
8.355788000000000011e+02	4.479518706443602616e-01
8.365768000000000484e+02	4.528746602257787690e-01
8.375748999999999569e+02	4.581819974491422309e-01
8.385729000000000042e+02	4.636440468761023892e-01
8.395709000000000515e+02	4.690847935601729080e-01
8.405688999999999851e+02	4.746403852970473847e-01
8.415669000000000324e+02	4.802027998144387522e-01
8.425648999999999660e+02	4.857185477786176153e-01
8.435629000000000133e+02	4.911996189283484027e-01
8.445608999999999469e+02	4.966129281580058952e-01
8.455588999999999942e+02	5.020319470203501444e-01
8.465569000000000415e+02	5.072530743475066606e-01
8.475548999999999751e+02	5.125442367957175893e-01
8.485529000000000224e+02	5.179223920519373525e-01
8.495508999999999560e+02	5.231642042669473192e-01
8.505489000000000033e+02	5.281995431099947291e-01
8.515469000000000506e+02	5.331851205914839298e-01
8.525448999999999842e+02	5.382012323716526270e-01
8.535429000000000315e+02	5.431728089863692155e-01
8.545408999999999651e+02	5.480556860283225529e-01
8.555389000000000124e+02	5.528806041670845106e-01
8.565368999999999460e+02	5.577394377577867823e-01
8.575348999999999933e+02	5.625027990618847173e-01
8.585329000000000406e+02	5.669499063264891170e-01
8.595308999999999742e+02	5.711340084491489666e-01
8.605289000000000215e+02	5.750840923309105124e-01
8.615268999999999551e+02	5.787593513211264362e-01
8.625249999999999773e+02	5.821541814316061325e-01
8.635230000000000246e+02	5.853083069784303927e-01
8.645209999999999582e+02	5.883620979427112152e-01
8.655190000000000055e+02	5.912411974069072818e-01
8.665170000000000528e+02	5.938608394926727652e-01
8.675149999999999864e+02	5.960801887024642642e-01
8.685130000000000337e+02	5.981792646719812367e-01
8.695109999999999673e+02	5.999909336279549699e-01
8.705090000000000146e+02	6.014848429729863222e-01
8.715069999999999482e+02	6.025938401099810715e-01
8.725049999999999955e+02	6.033250458108915248e-01
8.735030000000000427e+02	6.038902546804317817e-01
8.745009999999999764e+02	6.043446583966232133e-01
8.754990000000000236e+02	6.046787238941787601e-01
8.764969999999999573e+02	6.046972885020304167e-01
8.774950000000000045e+02	6.041869694059177620e-01
8.784930000000000518e+02	6.032139194657831771e-01
8.794909999999999854e+02	6.017988514502327080e-01
8.804890000000000327e+02	5.999725135083195937e-01
8.814869999999999663e+02	5.977386722416776488e-01
8.824850000000000136e+02	5.952206930674160956e-01
8.834829999999999472e+02	5.922585711548420395e-01
8.844809999999999945e+02	5.891845562252017166e-01
8.854790000000000418e+02	5.859825561241904790e-01
8.864769999999999754e+02	5.825922296057380878e-01
8.874750000000000227e+02	5.790526069759784900e-01
8.884731000000000449e+02	5.752518462673843480e-01
8.894710999999999785e+02	5.714760328291935698e-01
8.904691000000000258e+02	5.680039482469183554e-01
8.914670999999999594e+02	5.650644967058171542e-01
8.924651000000000067e+02	5.628569347116516575e-01
8.934631000000000540e+02	5.613383165687423348e-01
8.944610999999999876e+02	5.607612836282007684e-01
8.954591000000000349e+02	5.612349237526764734e-01
8.964570999999999685e+02	5.624337254067234282e-01
8.974551000000000158e+02	5.642497229930781844e-01
8.984530999999999494e+02	5.666018930740320814e-01
8.994510999999999967e+02	5.695668281924480825e-01
9.004491000000000440e+02	5.729517116794637932e-01
9.014470999999999776e+02	5.768700890673127413e-01
9.024451000000000249e+02	5.816628870247763095e-01
9.034430999999999585e+02	5.876129448571459912e-01
9.044411000000000058e+02	5.946727269359229906e-01
9.054391000000000531e+02	6.025198433953276034e-01
9.064370999999999867e+02	6.109955134298328261e-01
9.074351000000000340e+02	6.198948398656427550e-01
9.084330999999999676e+02	6.291845086888987471e-01
9.094311000000000149e+02	6.384859640646045609e-01
9.104290999999999485e+02	6.476564393523959184e-01
9.114270999999999958e+02	6.570292253666892845e-01
9.124251000000000431e+02	6.668037310249497196e-01
9.134231999999999516e+02	6.772224624056720765e-01
9.144211999999999989e+02	6.879940587852285683e-01
9.154192000000000462e+02	6.993555427056953322e-01
9.164171999999999798e+02	7.111666045491534804e-01
9.174152000000000271e+02	7.228108912940306441e-01
9.184131999999999607e+02	7.341159971039866727e-01
9.194112000000000080e+02	7.448429095014365009e-01
9.204092000000000553e+02	7.551235611438773532e-01
9.214071999999999889e+02	7.649352732306768932e-01
9.224052000000000362e+02	7.741492330589859749e-01
9.234031999999999698e+02	7.827288736119445423e-01
9.244012000000000171e+02	7.908692462237376652e-01
9.253991999999999507e+02	7.984566725171371449e-01
9.263971999999999980e+02	8.052758740284325922e-01
9.273952000000000453e+02	8.112810924943411051e-01
9.283931999999999789e+02	8.163405215067566223e-01
9.293912000000000262e+02	8.207130791605797837e-01
9.303891999999999598e+02	8.244253827319354411e-01
9.313872000000000071e+02	8.275444960232490876e-01
9.323852000000000544e+02	8.303566877924292156e-01
9.333831999999999880e+02	8.328587533580370517e-01
9.343812000000000353e+02	8.351119300537976908e-01
9.353791999999999689e+02	8.370627602562281666e-01
9.363772000000000162e+02	8.387605990650064403e-01
9.373751999999999498e+02	8.404360789125128184e-01
9.383732999999999720e+02	8.420631994633470674e-01
9.393713000000000193e+02	8.435251217340123953e-01
9.403692999999999529e+02	8.448598813371097638e-01
9.413673000000000002e+02	8.462097427090276014e-01
9.423653000000000475e+02	8.475617608003774839e-01
9.433632999999999811e+02	8.488377546101465443e-01
9.443613000000000284e+02	8.500895702979759383e-01
9.453592999999999620e+02	8.512386896962277349e-01
9.463573000000000093e+02	8.523893624312542938e-01
9.473553000000000566e+02	8.534367782576981476e-01
9.483532999999999902e+02	8.545248325651509935e-01
9.493513000000000375e+02	8.554304154971792418e-01
9.503492999999999711e+02	8.564289798716072655e-01
9.513473000000000184e+02	8.574550343324041091e-01
9.523452999999999520e+02	8.583637225465807763e-01
9.533432999999999993e+02	8.592469934808198984e-01
9.543413000000000466e+02	8.601443769187318011e-01
9.553392999999999802e+02	8.611087875747512888e-01
9.563373000000000275e+02	8.620345804732222339e-01
9.573352999999999611e+02	8.629348752211739582e-01
9.583333000000000084e+02	8.638361102221637777e-01
9.593313000000000557e+02	8.646851911952714298e-01
9.603292999999999893e+02	8.654952482993433227e-01
9.613273000000000366e+02	8.662395753876479532e-01
9.623252999999999702e+02	8.669845425982590781e-01
9.633233999999999924e+02	8.676369144406321787e-01
9.643214000000000397e+02	8.683164350577224910e-01
9.653193999999999733e+02	8.689031157587608911e-01
9.663174000000000206e+02	8.694368058206578542e-01
9.673153999999999542e+02	8.699708236809904349e-01
9.683134000000000015e+02	8.704918068954802246e-01
9.693114000000000487e+02	8.709997316588696803e-01
9.703093999999999824e+02	8.714811969199335318e-01
9.713074000000000296e+02	8.719629283220640126e-01
9.723053999999999633e+02	8.724717114726279199e-01
9.733034000000000106e+02	8.730075934061304332e-01
9.743013999999999442e+02	8.734767600925547049e-01
9.752993999999999915e+02	8.740266760405418500e-01
9.762974000000000387e+02	8.744561192766912017e-01
9.772953999999999724e+02	8.749126339131625407e-01
9.782934000000000196e+02	8.752887660883542642e-01
9.792913999999999533e+02	8.757322723223321947e-01
9.802894000000000005e+02	8.761356548125946997e-01
9.812874000000000478e+02	8.765123127745829690e-01
9.822853999999999814e+02	8.768891326649432827e-01
9.832834000000000287e+02	8.771987844746119700e-01
9.842813999999999623e+02	8.774546662684712395e-01
9.852794000000000096e+02	8.777914665626703750e-01
9.862773999999999432e+02	8.780879577576050643e-01
9.872753999999999905e+02	8.783710655005920742e-01
9.882735000000000127e+02	8.785868279024071636e-01
9.892714999999999463e+02	8.788835877461530499e-01
9.902694999999999936e+02	8.790589929487324650e-01
9.912675000000000409e+02	8.793289154656533935e-01
9.922654999999999745e+02	8.795584147700061806e-01
9.932635000000000218e+02	8.798149848758463065e-01
9.942614999999999554e+02	8.800175930879604591e-01
9.952595000000000027e+02	8.802067361812744295e-01
9.962575000000000500e+02	8.803959199273094782e-01
9.972554999999999836e+02	8.807879299031045051e-01
9.982535000000000309e+02	8.811260096299808886e-01
9.992514999999999645e+02	8.815048129867660842e-01
1.000249500000000012e+03	8.817213451599350549e-01
1.001247499999999945e+03	8.819785461997411424e-01
1.002245499999999993e+03	8.822087370410143237e-01
1.003243500000000040e+03	8.824796267135638361e-01
1.004241499999999974e+03	8.825744577486808184e-01
1.005239500000000021e+03	8.827641503915660826e-01
1.006237499999999955e+03	8.829403300663125620e-01
1.007235500000000002e+03	8.831301013465143734e-01
1.008233500000000049e+03	8.832521187073730795e-01
1.009231499999999983e+03	8.834419570006306621e-01
1.010229500000000030e+03	8.836725297828987857e-01
1.011227499999999964e+03	8.839302999897288293e-01
1.012225500000000011e+03	8.839438689254205395e-01
1.013223600000000033e+03	8.841067124014488909e-01
1.014221599999999967e+03	8.842424382142961559e-01
1.015219600000000014e+03	8.844324893579517122e-01
1.016217599999999948e+03	8.845954228494806726e-01
1.017215599999999995e+03	8.847719680046172153e-01
1.018213600000000042e+03	8.849485483941570418e-01
1.019211599999999976e+03	8.852338680867709586e-01
1.020209600000000023e+03	8.854649085465379210e-01
1.021207599999999957e+03	8.857232015961962190e-01
1.022205600000000004e+03	8.859407699711413509e-01
1.023203600000000051e+03	8.862808275529628910e-01
1.024201600000000099e+03	8.865529675954296751e-01
1.025199599999999919e+03	8.868524181582889687e-01
1.026197599999999966e+03	8.871111159491013032e-01
1.027195600000000013e+03	8.873971328835056349e-01
1.028193600000000060e+03	8.876559895694093871e-01
1.029191600000000108e+03	8.878740327129251986e-01
1.030189599999999928e+03	8.880921294163930391e-01
1.031187599999999975e+03	8.883511888350897889e-01
1.032185600000000022e+03	8.885148442442275529e-01
1.033183600000000069e+03	8.887330983561536613e-01
1.034181599999999889e+03	8.889650520929646138e-01
1.035179599999999937e+03	8.892107161524028802e-01
1.036177599999999984e+03	8.894837558420053414e-01
1.037175600000000031e+03	8.897568793707593127e-01
1.038173700000000053e+03	8.900300867644085345e-01
1.039171700000000101e+03	8.903443789785091544e-01
1.040169699999999921e+03	8.905904242127091752e-01
1.041167699999999968e+03	8.908091881685232805e-01
1.042165700000000015e+03	8.910416837516889066e-01
1.043163700000000063e+03	8.911784742036916729e-01
1.044161700000000110e+03	8.914110661681849956e-01
1.045159699999999930e+03	8.915889715709286456e-01
1.046157699999999977e+03	8.916710937317364749e-01
1.047155700000000024e+03	8.918764322281252932e-01
1.048153700000000072e+03	8.920270438446500361e-01
1.049151699999999892e+03	8.920270438446500361e-01
1.050149699999999939e+03	8.919859654270485549e-01
1.051147699999999986e+03	8.919585808662570114e-01
1.052145700000000033e+03	8.919175056014198022e-01
1.053143700000000081e+03	8.918353607462851107e-01
1.054141699999999901e+03	8.917669124795495339e-01
1.055139699999999948e+03	8.916300317058660774e-01
1.056137699999999995e+03	8.915752852794747163e-01
1.057135700000000043e+03	8.914384339193958118e-01
1.058133700000000090e+03	8.912879216849389774e-01
1.059131699999999910e+03	8.912195154340916137e-01
1.060129699999999957e+03	8.911100763529263835e-01
1.061127700000000004e+03	8.909459429283953513e-01
1.062125700000000052e+03	8.907134723264609200e-01
1.063123800000000074e+03	8.904400551578940393e-01
1.064121799999999894e+03	8.902077165550280613e-01
1.065119799999999941e+03	8.900847383091915477e-01
1.066117799999999988e+03	8.898115141394734584e-01
1.067115800000000036e+03	8.896339634060789203e-01
1.068113800000000083e+03	8.892789682162902665e-01
1.069111799999999903e+03	8.889650520929643918e-01
1.070109799999999950e+03	8.886103238222776701e-01
1.071107799999999997e+03	8.880921294163929280e-01
1.072105800000000045e+03	8.878195169063143322e-01
1.073103800000000092e+03	8.875061159703636626e-01
1.074101799999999912e+03	8.869341040463146753e-01
1.075099799999999959e+03	8.864304942369443108e-01
1.076097800000000007e+03	8.860767773438399386e-01
1.077095800000000054e+03	8.858863728676056315e-01
1.078093800000000101e+03	8.855056866514573466e-01
1.079091799999999921e+03	8.851387513028056153e-01
1.080089799999999968e+03	8.847312236879126823e-01
1.081087800000000016e+03	8.844189129217169265e-01
1.082085800000000063e+03	8.839438689254206505e-01
1.083083800000000110e+03	8.836182719501817218e-01
1.084081799999999930e+03	8.831707719271124635e-01
1.085079799999999977e+03	8.828590120015245013e-01
1.086077800000000025e+03	8.825744577486803744e-01
1.087075800000000072e+03	8.822222795495349157e-01
1.088073900000000094e+03	8.816266057902277797e-01
1.089071899999999914e+03	8.814777502043062984e-01
1.090069899999999961e+03	8.812748058172962251e-01
1.091067900000000009e+03	8.808825791489142132e-01
1.092065900000000056e+03	8.803553771304256648e-01
1.093063900000000103e+03	8.800851395264979171e-01
1.094061899999999923e+03	8.798960225624629095e-01
1.095059899999999971e+03	8.794369076779556815e-01
1.096057900000000018e+03	8.789240627630700020e-01
1.097055900000000065e+03	8.785059107915218490e-01
1.098053900000000112e+03	8.783980329028421297e-01
1.099051899999999932e+03	8.782901682612432870e-01
1.100049899999999980e+03	8.778318912843902089e-01
1.101047900000000027e+03	8.775758994848320560e-01
1.102045900000000074e+03	8.773469174694632500e-01
1.103043899999999894e+03	8.770102877445520306e-01
1.104041899999999941e+03	8.762836082762114343e-01
1.105039899999999989e+03	8.757188294383387861e-01
1.106037900000000036e+03	8.755709713331019106e-01
1.107035900000000083e+03	8.750200837527458697e-01
1.108033899999999903e+03	8.743084743699439665e-01
1.109031899999999951e+03	8.737852069068561267e-01
1.110029899999999998e+03	8.738120335158831020e-01
1.111027900000000045e+03	8.737717939111923071e-01
1.112025900000000092e+03	8.735035772317690794e-01
1.113023999999999887e+03	8.727396113089213037e-01
1.114021999999999935e+03	8.721369523182072037e-01
1.115019999999999982e+03	8.716283643829324523e-01
1.116018000000000029e+03	8.708794069109134783e-01
1.117016000000000076e+03	8.700643105233314412e-01
1.118013999999999896e+03	8.696770732807119764e-01
1.119011999999999944e+03	8.691158377413045200e-01
1.120009999999999991e+03	8.685549643884377113e-01
1.121008000000000038e+03	8.679944529883789617e-01
1.122006000000000085e+03	8.674343033075463394e-01
1.123003999999999905e+03	8.668745151125087922e-01
1.124001999999999953e+03	8.663150881699858141e-01
1.125000000000000000e+03	8.657560222468475564e-01
